   -4.58   -5.48   -6.62   -7.84   -8.87   -9.31   -8.98   -8.07   -6.83   -5.48   -4.36   -3.85   -4.05   -4.81   -5.89   -7.16   -8.40   -9.24   -9.35   -8.78   -7.75   -6.48   -5.24   -4.41
   -4.23   -4.69   -5.55   -6.63   -7.81   -8.79   -9.18   -8.83   -7.92   -6.70   -5.38   -4.32   -3.86   -4.10   -4.88   -5.98   -7.26   -8.48   -9.28   -9.35   -8.75   -7.72   -6.47   -5.26
   -4.46   -4.32   -4.79   -5.64   -6.71   -7.85   -8.78   -9.09   -8.68   -7.75   -6.52   -5.24   -4.24   -3.86   -4.18   -5.02   -6.16   -7.44   -8.63   -9.34   -9.32   -8.66   -7.59   -6.34
   -5.16   -4.43   -4.37   -4.90   -5.79   -6.87   -7.98   -8.82   -9.02   -8.51   -7.52   -6.28   -5.02   -4.12   -3.86   -4.31   -5.24   -6.43   -7.71   -8.82   -9.40   -9.24   -8.48   -7.35
   -6.09   -4.97   -4.37   -4.44   -5.08   -6.02   -7.11   -8.19   -8.90   -8.94   -8.30   -7.22   -5.95   -4.75   -3.98   -3.91   -4.52   -5.56   -6.79   -8.03   -9.02   -9.42   -9.08   -8.19
   -6.99   -5.74   -4.73   -4.31   -4.57   -5.34   -6.34   -7.44   -8.43   -8.98   -8.81   -8.00   -6.83   -5.55   -4.45   -3.87   -4.03   -4.82   -5.96   -7.20   -8.38   -9.21   -9.38   -8.82
   -7.79   -6.54   -5.34   -4.51   -4.32   -4.79   -5.68   -6.74   -7.81   -8.68   -8.99   -8.58   -7.60   -6.36   -5.11   -4.16   -3.84   -4.25   -5.20   -6.41   -7.65   -8.72   -9.34   -9.23
   -8.46   -7.31   -6.05   -4.95   -4.34   -4.42   -5.09   -6.08   -7.17   -8.19   -8.87   -8.91   -8.25   -7.13   -5.85   -4.69   -3.96   -3.93   -4.57   -5.65   -6.89   -8.09   -9.01   -9.36
   -8.97   -8.00   -6.77   -5.54   -4.62   -4.29   -4.63   -5.46   -6.52   -7.60   -8.51   -8.96   -8.71   -7.83   -6.62   -5.36   -4.35   -3.89   -4.14   -4.98   -6.14   -7.38   -8.49   -9.20
   -9.25   -8.59   -7.48   -6.22   -5.09   -4.38   -4.34   -4.91   -5.86   -6.95   -7.99   -8.75   -8.93   -8.41   -7.37   -6.13   -4.95   -4.14   -3.96   -4.46   -5.43   -6.63   -7.83   -8.80
   -9.26   -9.02   -8.15   -6.95   -5.71   -4.72   -4.26   -4.48   -5.23   -6.25   -7.34   -8.31   -8.88   -8.79   -8.06   -6.94   -5.72   -4.67   -4.08   -4.15   -4.84   -5.89   -7.08   -8.20
   -8.99   -9.19   -8.69   -7.67   -6.45   -5.28   -4.46   -4.24   -4.68   -5.55   -6.60   -7.67   -8.53   -8.90   -8.60   -7.73   -6.58   -5.43   -4.53   -4.14   -4.42   -5.22   -6.30   -7.44
   -8.45   -9.05   -9.02   -8.33   -7.24   -6.03   -4.96   -4.31   -4.30   -4.89   -5.83   -6.89   -7.91   -8.66   -8.85   -8.40   -7.46   -6.34   -5.27   -4.49   -4.27   -4.69   -5.56   -6.62
   -7.69   -8.57   -9.01   -8.80   -8.00   -6.88   -5.72   -4.75   -4.24   -4.38   -5.07   -6.04   -7.09   -8.07   -8.72   -8.80   -8.26   -7.31   -6.22   -5.21   -4.53   -4.43   -4.92   -5.80
   -6.82   -7.82   -8.61   -8.92   -8.61   -7.75   -6.63   -5.51   -4.61   -4.20   -4.44   -5.19   -6.17   -7.22   -8.16   -8.77   -8.79   -8.22   -7.26   -6.19   -5.22   -4.60   -4.54   -5.06
   -5.93   -6.91   -7.86   -8.60   -8.85   -8.48   -7.60   -6.49   -5.38   -4.51   -4.15   -4.44   -5.21   -6.21   -7.28   -8.24   -8.85   -8.86   -8.27   -7.31   -6.24   -5.26   -4.63   -4.58
   -5.09   -5.95   -6.92   -7.87   -8.60   -8.85   -8.46   -7.56   -6.42   -5.29   -4.40   -4.04   -4.34   -5.14   -6.19   -7.32   -8.34   -8.99   -9.01   -8.41   -7.42   -6.31   -5.27   -4.59
   -4.52   -5.02   -5.89   -6.90   -7.90   -8.67   -8.93   -8.53   -7.59   -6.40   -5.20   -4.25   -3.86   -4.16   -5.01   -6.15   -7.37   -8.48   -9.19   -9.23   -8.61   -7.55   -6.35   -5.22
   -4.47   -4.36   -4.89   -5.82   -6.90   -7.97   -8.81   -9.11   -8.68   -7.66   -6.38   -5.07   -4.03   -3.60   -3.94   -4.88   -6.13   -7.47   -8.68   -9.45   -9.50   -8.81   -7.65   -6.33
   -5.08   -4.25   -4.14   -4.73   -5.76   -6.93   -8.10   -9.03   -9.34   -8.85   -7.73   -6.32   -4.88   -3.75   -3.30   -3.72   -4.79   -6.17   -7.62   -8.92   -9.74   -9.76   -8.96   -7.68
   -6.22   -4.85   -3.97   -3.90   -4.61   -5.74   -7.02   -8.30   -9.29   -9.59   -9.00   -7.75   -6.20   -4.65   -3.45   -3.04   -3.58   -4.78   -6.27   -7.81   -9.20  -10.04   -9.96   -9.03
   -7.61   -6.02   -4.56   -3.67   -3.71   -4.54   -5.78   -7.15   -8.52   -9.57   -9.81   -9.08   -7.70   -6.04   -4.40   -3.19   -2.88   -3.56   -4.86   -6.42   -8.03   -9.47  -10.27  -10.06
   -8.99   -7.45   -5.76   -4.25   -3.43   -3.60   -4.55   -5.86   -7.31   -8.76   -9.80   -9.92   -9.06   -7.58   -5.85   -4.17   -3.02   -2.85   -3.65   -5.02   -6.61   -8.27   -9.71  -10.40
  -10.03   -8.83   -7.21   -5.47   -3.98   -3.28   -3.59   -4.63   -5.98   -7.49   -8.96   -9.93   -9.93   -8.95   -7.42   -5.67   -4.03   -2.99   -2.96   -3.84   -5.23   -6.83   -8.48   -9.84
  -10.38   -9.86   -8.58   -6.93   -5.20   -3.80   -3.25   -3.67   -4.75   -6.13   -7.66   -9.10   -9.95   -9.81   -8.78   -7.25   -5.55   -4.00   -3.10   -3.19   -4.12   -5.48   -7.04   -8.62
   -9.85  -10.21   -9.58   -8.27   -6.64   -4.98   -3.72   -3.32   -3.83   -4.92   -6.28   -7.78   -9.14   -9.86   -9.62   -8.58   -7.11   -5.50   -4.08   -3.33   -3.51   -4.43   -5.73   -7.20
   -8.66   -9.72   -9.93   -9.23   -7.94   -6.39   -4.85   -3.75   -3.48   -4.03   -5.10   -6.42   -7.85   -9.09   -9.68   -9.39   -8.39   -7.02   -5.53   -4.26   -3.65   -3.87   -4.74   -5.94
   -7.29   -8.59   -9.48   -9.58   -8.87   -7.65   -6.20   -4.80   -3.86   -3.69   -4.25   -5.26   -6.52   -7.85   -8.97   -9.47   -9.17   -8.25   -6.99   -5.64   -4.51   -3.99   -4.22   -5.00
   -6.08   -7.30   -8.45   -9.20   -9.23   -8.54   -7.41   -6.08   -4.82   -4.01   -3.90   -4.44   -5.40   -6.58   -7.82   -8.84   -9.28   -9.00   -8.16   -7.01   -5.77   -4.75   -4.30   -4.50
   -5.19   -6.16   -7.26   -8.29   -8.94   -8.93   -8.28   -7.24   -6.01   -4.87   -4.15   -4.07   -4.58   -5.49   -6.61   -7.78   -8.73   -9.14   -8.88   -8.10   -7.03   -5.88   -4.94   -4.52
   -4.68   -5.31   -6.20   -7.21   -8.16   -8.75   -8.73   -8.12   -7.13   -5.97   -4.91   -4.25   -4.18   -4.67   -5.56   -6.66   -7.78   -8.68   -9.06   -8.81   -8.06   -7.02   -5.92   -5.03
   -4.62   -4.77   -5.38   -6.24   -7.21   -8.12   -8.67   -8.62   -8.01   -7.03   -5.91   -4.89   -4.26   -4.21   -4.74   -5.66   -6.76   -7.85   -8.72   -9.06   -8.77   -7.99   -6.95   -5.86
   -5.00   -4.61   -4.81   -5.45   -6.33   -7.30   -8.18   -8.69   -8.59   -7.92   -6.90   -5.77   -4.76   -4.18   -4.21   -4.83   -5.82   -6.94   -8.02   -8.84   -9.10   -8.71   -7.86   -6.77
   -5.67   -4.84   -4.54   -4.84   -5.57   -6.50   -7.49   -8.36   -8.78   -8.56   -7.77   -6.68   -5.52   -4.54   -4.05   -4.23   -4.99   -6.06   -7.22   -8.29   -9.03   -9.14   -8.60   -7.62
   -6.47   -5.36   -4.62   -4.47   -4.93   -5.78   -6.78   -7.80   -8.61   -8.88   -8.46   -7.53   -6.34   -5.15   -4.24   -3.93   -4.32   -5.25   -6.41   -7.60   -8.64   -9.23   -9.12   -8.37
   -7.26   -6.04   -4.98   -4.39   -4.47   -5.13   -6.09   -7.16   -8.18   -8.86   -8.91   -8.26   -7.16   -5.89   -4.72   -3.97   -3.91   -4.55   -5.62   -6.85   -8.06   -9.00   -9.36   -8.97
   -8.00   -6.77   -5.53   -4.58   -4.24   -4.59   -5.43   -6.50   -7.62   -8.58   -9.06   -8.81   -7.92   -6.68   -5.37   -4.30   -3.80   -4.04   -4.90   -6.09   -7.37   -8.54   -9.30   -9.34
   -8.65   -7.50   -6.18   -4.99   -4.25   -4.21   -4.83   -5.83   -6.99   -8.11   -8.93   -9.13   -8.57   -7.47   -6.14   -4.87   -3.98   -3.79   -4.33   -5.37   -6.64   -7.92   -8.96   -9.44
   -9.15   -8.19   -6.89   -5.56   -4.50   -4.04   -4.33   -5.18   -6.30   -7.49   -8.56   -9.16   -9.04   -8.20   -6.96   -5.61   -4.45   -3.82   -3.95   -4.74   -5.90   -7.19   -8.40   -9.25
   -9.40   -8.78   -7.61   -6.26   -4.99   -4.13   -4.00   -4.58   -5.60   -6.78   -7.96   -8.90   -9.24   -8.81   -7.77   -6.46   -5.17   -4.19   -3.84   -4.26   -5.23   -6.44   -7.69   -8.77
   -9.35   -9.18   -8.30   -7.02   -5.67   -4.53   -3.93   -4.10   -4.91   -6.03   -7.23   -8.34   -9.09   -9.16   -8.49   -7.33   -6.03   -4.86   -4.08   -4.01   -4.65   -5.71   -6.91   -8.07
   -8.96   -9.28   -8.84   -7.79   -6.48   -5.21   -4.25   -3.90   -4.31   -5.26   -6.41   -7.57   -8.58   -9.14   -8.99   -8.17   -6.97   -5.74   -4.70   -4.12   -4.26   -5.04   -6.12   -7.25
   -8.28   -9.00   -9.10   -8.47   -7.34   -6.07   -4.91   -4.12   -3.97   -4.54   -5.55   -6.68   -7.78   -8.69   -9.10   -8.80   -7.91   -6.74   -5.60   -4.67   -4.25   -4.53   -5.35   -6.39
   -7.43   -8.35   -8.92   -8.88   -8.16   -7.03   -5.82   -4.77   -4.10   -4.08   -4.72   -5.73   -6.82   -7.87   -8.70   -9.02   -8.67   -7.78   -6.67   -5.59   -4.75   -4.41   -4.73   -5.53
   -6.50   -7.47   -8.32   -8.81   -8.70   -7.97   -6.88   -5.73   -4.73   -4.11   -4.14   -4.78   -5.75   -6.82   -7.86   -8.68   -8.99   -8.64   -7.79   -6.73   -5.68   -4.85   -4.52   -4.80
   -5.54   -6.47   -7.42   -8.26   -8.75   -8.65   -7.95   -6.89   -5.76   -4.74   -4.10   -4.09   -4.69   -5.63   -6.73   -7.82   -8.69   -9.05   -8.76   -7.94   -6.88   -5.79   -4.91   -4.51
   -4.73   -5.42   -6.35   -7.33   -8.23   -8.78   -8.74   -8.08   -7.02   -5.83   -4.72   -4.00   -3.92   -4.47   -5.44   -6.62   -7.81   -8.77   -9.22   -8.99   -8.18   -7.06   -5.87   -4.88
   -4.37   -4.52   -5.22   -6.20   -7.28   -8.27   -8.93   -8.97   -8.31   -7.18   -5.88   -4.65   -3.80   -3.63   -4.19   -5.26   -6.55   -7.86   -8.95   -9.50   -9.30   -8.42   -7.19   -5.86
   -4.71   -4.09   -4.23   -5.00   -6.09   -7.29   -8.42   -9.20   -9.28   -8.57   -7.33   -5.88   -4.49   -3.51   -3.31   -3.94   -5.14   -6.56   -8.00   -9.21   -9.84   -9.59   -8.60   -7.21
   -5.72   -4.43   -3.75   -3.94   -4.83   -6.05   -7.38   -8.66   -9.54   -9.61   -8.78   -7.39   -5.79   -4.25   -3.19   -3.04   -3.80   -5.13   -6.66   -8.22   -9.54  -10.16   -9.80   -8.65
   -7.11   -5.46   -4.07   -3.41   -3.72   -4.75   -6.09   -7.55   -8.96   -9.88   -9.85   -8.87   -7.35   -5.62   -3.98   -2.93   -2.90   -3.81   -5.23   -6.85   -8.50   -9.86  -10.39   -9.85
   -8.54   -6.87   -5.12   -3.71   -3.16   -3.63   -4.79   -6.22   -7.79   -9.27  -10.13   -9.95   -8.83   -7.20   -5.39   -3.74   -2.79   -2.93   -3.96   -5.45   -7.11   -8.80  -10.10  -10.45
   -9.72   -8.29   -6.54   -4.76   -3.42   -3.05   -3.69   -4.93   -6.43   -8.06   -9.52  -10.24   -9.88   -8.65   -6.98   -5.16   -3.59   -2.82   -3.13   -4.24   -5.74   -7.40   -9.05  -10.19
  -10.32   -9.43   -7.93   -6.16   -4.44   -3.27   -3.11   -3.88   -5.17   -6.69   -8.31   -9.66  -10.19   -9.67   -8.38   -6.72   -4.98   -3.57   -3.02   -3.47   -4.61   -6.08   -7.67   -9.18
  -10.09  -10.01   -9.01   -7.50   -5.79   -4.22   -3.28   -3.32   -4.17   -5.46   -6.96   -8.48   -9.65   -9.98   -9.35   -8.07   -6.49   -4.90   -3.70   -3.35   -3.89   -5.01   -6.39   -7.86
   -9.16   -9.83   -9.57   -8.53   -7.08   -5.50   -4.14   -3.44   -3.63   -4.51   -5.76   -7.18   -8.55   -9.51   -9.67   -8.99   -7.78   -6.33   -4.92   -3.95   -3.76   -4.34   -5.39   -6.64
   -7.94   -9.01   -9.47   -9.09   -8.07   -6.73   -5.33   -4.19   -3.69   -3.98   -4.84   -6.01   -7.31   -8.51   -9.29   -9.33   -8.66   -7.55   -6.25   -5.04   -4.26   -4.18   -4.74   -5.68
   -6.79   -7.90   -8.77   -9.07   -8.65   -7.71   -6.51   -5.28   -4.34   -3.99   -4.30   -5.10   -6.18   -7.35   -8.39   -9.03   -9.02   -8.40   -7.40   -6.25   -5.21   -4.57   -4.53   -5.03
   -5.86   -6.84   -7.80   -8.52   -8.73   -8.33   -7.48   -6.41   -5.33   -4.53   -4.24   -4.53   -5.27   -6.26   -7.32   -8.25   -8.80   -8.79   -8.23   -7.33   -6.30   -5.37   -4.81   -4.77
   -5.20   -5.94   -6.83   -7.68   -8.32   -8.50   -8.15   -7.38   -6.39   -5.40   -4.67   -4.40   -4.65   -5.34   -6.29   -7.29   -8.15   -8.67   -8.67   -8.16   -7.31   -6.34   -5.47   -4.93
   -4.86   -5.25   -5.97   -6.81   -7.62   -8.23   -8.43   -8.10   -7.35   -6.39   -5.43   -4.71   -4.42   -4.66   -5.36   -6.32   -7.30   -8.15   -8.67   -8.67   -8.15   -7.29   -6.32   -5.45
   -4.90   -4.82   -5.24   -5.99   -6.84   -7.67   -8.29   -8.49   -8.13   -7.33   -6.34   -5.35   -4.61   -4.33   -4.63   -5.41   -6.41   -7.42   -8.29   -8.81   -8.74   -8.14   -7.21   -6.18
   -5.28   -4.73   -4.73   -5.25   -6.07   -6.98   -7.86   -8.49   -8.62   -8.14   -7.24   -6.16   -5.12   -4.39   -4.20   -4.64   -5.54   -6.61   -7.68   -8.57   -9.01   -8.80   -8.04   -6.99
   -5.88   -4.96   -4.51   -4.66   -5.33   -6.26   -7.26   -8.18   -8.76   -8.73   -8.07   -7.02   -5.84   -4.77   -4.11   -4.11   -4.75   -5.79   -6.95   -8.07   -8.92   -9.19   -8.75   -7.80
   -6.61   -5.44   -4.57   -4.30   -4.69   -5.53   -6.59   -7.67   -8.59   -9.03   -8.75   -7.86   -6.66   -5.40   -4.36   -3.89   -4.15   -5.01   -6.18   -7.42   -8.55   -9.26   -9.25   -8.53
   -7.38   -6.08   -4.90   -4.20   -4.21   -4.86   -5.88   -7.04   -8.18   -9.01   -9.19   -8.61   -7.51   -6.18   -4.89   -4.00   -3.81   -4.36   -5.41   -6.68   -7.96   -9.01   -9.46   -9.12
   -8.12   -6.80   -5.45   -4.37   -3.94   -4.28   -5.17   -6.34   -7.59   -8.70   -9.33   -9.18   -8.31   -7.03   -5.63   -4.42   -3.77   -3.92   -4.73   -5.92   -7.24   -8.49   -9.35   -9.46
   -8.77   -7.55   -6.14   -4.81   -3.95   -3.87   -4.53   -5.61   -6.88   -8.14   -9.14   -9.48   -8.99   -7.88   -6.49   -5.11   -4.07   -3.73   -4.20   -5.22   -6.48   -7.79   -8.91   -9.50
   -9.25   -8.27   -6.90   -5.47   -4.28   -3.71   -3.98   -4.90   -6.12   -7.41   -8.62   -9.41   -9.43   -8.65   -7.38   -5.97   -4.70   -3.89   -3.87   -4.61   -5.75   -7.01   -8.24   -9.17
   -9.44   -8.87   -7.68   -6.27   -4.92   -3.93   -3.68   -4.25   -5.34   -6.60   -7.87   -8.95   -9.48   -9.21   -8.23   -6.90   -5.55   -4.44   -3.89   -4.16   -5.06   -6.24   -7.44   -8.53
   -9.23   -9.21   -8.41   -7.13   -5.75   -4.53   -3.79   -3.81   -4.59   -5.76   -6.99   -8.18   -9.09   -9.40   -8.91   -7.83   -6.53   -5.28   -4.35   -4.04   -4.50   -5.48   -6.61   -7.71
   -8.65   -9.15   -8.91   -7.97   -6.69   -5.40   -4.34   -3.80   -4.03   -4.90   -6.06   -7.23   -8.32   -9.09   -9.23   -8.63   -7.54   -6.31   -5.18   -4.40   -4.25   -4.80   -5.77   -6.82
   -7.82   -8.63   -8.98   -8.62   -7.65   -6.43   -5.25   -4.31   -3.90   -4.22   -5.10   -6.19   -7.31   -8.32   -9.01   -9.07   -8.45   -7.41   -6.26   -5.22   -4.52   -4.44   -4.99   -5.89
   -6.86   -7.79   -8.54   -8.82   -8.44   -7.51   -6.37   -5.25   -4.37   -4.00   -4.31   -5.13   -6.16   -7.25   -8.25   -8.93   -9.00   -8.43   -7.45   -6.35   -5.34   -4.64   -4.53   -5.02
   -5.83   -6.77   -7.69   -8.45   -8.75   -8.42   -7.57   -6.47   -5.36   -4.44   -4.02   -4.24   -4.99   -6.00   -7.12   -8.18   -8.91   -9.06   -8.56   -7.63   -6.52   -5.45   -4.68   -4.48
   -4.87   -5.65   -6.61   -7.59   -8.42   -8.82   -8.59   -7.78   -6.67   -5.48   -4.46   -3.92   -4.04   -4.74   -5.80   -7.00   -8.15   -8.99   -9.25   -8.82   -7.87   -6.68   -5.49   -4.59
   -4.26   -4.59   -5.41   -6.45   -7.55   -8.51   -9.05   -8.89   -8.08   -6.88   -5.57   -4.40   -3.70   -3.74   -4.47   -5.62   -6.93   -8.21   -9.20   -9.55   -9.11   -8.07   -6.76   -5.41
   -4.35   -3.93   -4.28   -5.19   -6.35   -7.59   -8.72   -9.39   -9.26   -8.36   -7.04   -5.57   -4.22   -3.41   -3.44   -4.26   -5.53   -6.96   -8.38   -9.49   -9.88   -9.35   -8.18   -6.71
   -5.20   -4.00   -3.56   -4.01   -5.05   -6.35   -7.75   -9.04   -9.77   -9.57   -8.55   -7.08   -5.46   -3.98   -3.13   -3.24   -4.19   -5.57   -7.10   -8.64   -9.82  -10.14   -9.46   -8.13
   -6.51   -4.86   -3.62   -3.27   -3.86   -5.04   -6.47   -8.00   -9.39  -10.09   -9.76   -8.60   -7.00   -5.25   -3.71   -2.93   -3.20   -4.28   -5.73   -7.34   -8.95  -10.09  -10.25   -9.39
   -7.92   -6.19   -4.47   -3.29   -3.11   -3.88   -5.17   -6.69   -8.33   -9.72  -10.28   -9.77   -8.48   -6.79   -4.99   -3.50   -2.89   -3.33   -4.51   -6.01   -7.66   -9.25  -10.23  -10.16
   -9.13   -7.56   -5.78   -4.10   -3.09   -3.13   -4.06   -5.43   -7.01   -8.66   -9.93  -10.29   -9.60   -8.21   -6.50   -4.74   -3.41   -3.02   -3.63   -4.86   -6.36   -7.98   -9.44  -10.18
   -9.87   -8.71   -7.10   -5.35   -3.82   -3.07   -3.34   -4.38   -5.79   -7.37   -8.92   -9.99  -10.11   -9.27   -7.85   -6.17   -4.55   -3.45   -3.30   -4.04   -5.28   -6.73   -8.24   -9.48
   -9.95   -9.43   -8.20   -6.62   -4.99   -3.70   -3.23   -3.69   -4.79   -6.18   -7.69   -9.07   -9.89   -9.78   -8.85   -7.45   -5.89   -4.47   -3.64   -3.70   -4.51   -5.71   -7.06   -8.39
   -9.37   -9.57   -8.91   -7.67   -6.19   -4.76   -3.75   -3.53   -4.12   -5.22   -6.55   -7.92   -9.08   -9.64   -9.36   -8.41   -7.09   -5.69   -4.51   -3.94   -4.15   -4.96   -6.08   -7.29
   -8.41   -9.13   -9.12   -8.39   -7.21   -5.89   -4.68   -3.93   -3.90   -4.54   -5.59   -6.82   -8.02   -8.96   -9.31   -8.94   -8.01   -6.82   -5.60   -4.65   -4.28   -4.57   -5.34   -6.35
   -7.40   -8.32   -8.82   -8.69   -7.96   -6.89   -5.74   -4.74   -4.19   -4.26   -4.89   -5.86   -6.96   -8.01   -8.75   -8.97   -8.57   -7.72   -6.66   -5.62   -4.86   -4.60   -4.90   -5.60
   -6.50   -7.41   -8.16   -8.53   -8.35   -7.68   -6.73   -5.72   -4.88   -4.45   -4.54   -5.11   -6.00   -7.00   -7.92   -8.54   -8.70   -8.33   -7.56   -6.61   -5.69   -5.04   -4.83   -5.09
   -5.72   -6.54   -7.37   -8.02   -8.32   -8.16   -7.57   -6.70   -5.78   -5.02   -4.62   -4.69   -5.20   -6.04   -6.99   -7.83   -8.40   -8.56   -8.23   -7.51   -6.61   -5.75   -5.14   -4.92
   -5.15   -5.75   -6.54   -7.32   -7.95   -8.26   -8.14   -7.58   -6.73   -5.83   -5.08   -4.66   -4.70   -5.21   -6.06   -6.99   -7.82   -8.40   -8.58   -8.25   -7.52   -6.60   -5.73   -5.10
   -4.86   -5.09   -5.73   -6.55   -7.35   -8.01   -8.36   -8.23   -7.63   -6.74   -5.80   -5.01   -4.56   -4.62   -5.20   -6.10   -7.08   -7.94   -8.56   -8.71   -8.31   -7.49   -6.50   -5.57
   -4.90   -4.69   -5.01   -5.74   -6.64   -7.51   -8.23   -8.58   -8.37   -7.66   -6.67   -5.64   -4.79   -4.37   -4.54   -5.24   -6.24   -7.29   -8.21   -8.82   -8.87   -8.30   -7.34   -6.24
   -5.24   -4.59   -4.50   -4.99   -5.85   -6.86   -7.83   -8.59   -8.84   -8.46   -7.58   -6.45   -5.33   -4.48   -4.18   -4.53   -5.40   -6.51   -7.63   -8.59   -9.11   -8.95   -8.17   -7.03
   -5.82   -4.79   -4.26   -4.39   -5.09   -6.11   -7.24   -8.29   -8.99   -9.06   -8.43   -7.36   -6.10   -4.92   -4.15   -4.07   -4.66   -5.69   -6.89   -8.08   -9.00   -9.31   -8.87   -7.85
   -6.56   -5.27   -4.31   -4.00   -4.41   -5.33   -6.51   -7.74   -8.81   -9.35   -9.13   -8.25   -7.00   -5.64   -4.49   -3.91   -4.11   -4.93   -6.09   -7.36   -8.56   -9.33   -9.35   -8.59
   -7.37   -5.97   -4.68   -3.89   -3.90   -4.61   -5.72   -7.01   -8.30   -9.27   -9.56   -9.03   -7.92   -6.53   -5.15   -4.12   -3.82   -4.31   -5.33   -6.57   -7.87   -8.97   -9.50   -9.18
   -8.15   -6.78   -5.34   -4.15   -3.64   -3.99   -4.95   -6.21   -7.56   -8.81   -9.59   -9.57   -8.75   -7.47   -6.03   -4.71   -3.89   -3.91   -4.66   -5.79   -7.06   -8.32   -9.25   -9.47
   -8.84   -7.61   -6.16   -4.77   -3.78   -3.60   -4.25   -5.39   -6.71   -8.05   -9.19   -9.72   -9.40   -8.36   -6.99   -5.57   -4.39   -3.84   -4.15   -5.08   -6.27   -7.50   -8.64   -9.36
   -9.28   -8.39   -7.05   -5.62   -4.35   -3.61   -3.73   -4.60   -5.83   -7.15   -8.42   -9.39   -9.66   -9.10   -7.93   -6.55   -5.22   -4.23   -3.95   -4.47   -5.50   -6.67   -7.82   -8.82
   -9.30   -8.97   -7.93   -6.57   -5.21   -4.11   -3.62   -3.97   -4.96   -6.20   -7.46   -8.63   -9.42   -9.49   -8.77   -7.56   -6.24   -5.02   -4.22   -4.14   -4.80   -5.83   -6.93   -7.99
   -8.84   -9.14   -8.65   -7.55   -6.24   -4.99   -4.04   -3.74   -4.22   -5.24   -6.42   -7.61   -8.69   -9.34   -9.28   -8.50   -7.32   -6.08   -4.97   -4.31   -4.35   -5.04   -6.02   -7.05
   -8.03   -8.78   -8.95   -8.40   -7.33   -6.09   -4.94   -4.10   -3.89   -4.40   -5.37   -6.49   -7.63   -8.65   -9.23   -9.12   -8.35   -7.24   -6.06   -5.03   -4.42   -4.49   -5.14   -6.05
   -7.02   -7.97   -8.68   -8.83   -8.29   -7.29   -6.13   -5.02   -4.21   -3.99   -4.45   -5.34   -6.43   -7.56   -8.56   -9.15   -9.07   -8.36   -7.30   -6.15   -5.11   -4.48   -4.50   -5.07
   -5.93   -6.91   -7.88   -8.62   -8.82   -8.37   -7.43   -6.29   -5.15   -4.29   -4.00   -4.36   -5.19   -6.28   -7.44   -8.50   -9.15   -9.15   -8.50   -7.45   -6.26   -5.15   -4.44   -4.36
   -4.87   -5.74   -6.77   -7.82   -8.66   -8.97   -8.60   -7.69   -6.50   -5.29   -4.31   -3.89   -4.16   -4.98   -6.12   -7.35   -8.49   -9.26   -9.34   -8.71   -7.61   -6.33   -5.11   -4.27
   -4.10   -4.60   -5.54   -6.67   -7.83   -8.81   -9.25   -8.92   -7.97   -6.70   -5.36   -4.24   -3.69   -3.93   -4.79   -6.00   -7.32   -8.58   -9.46   -9.58   -8.90   -7.71   -6.30   -4.94
   -3.99   -3.79   -4.35   -5.39   -6.64   -7.95   -9.08   -9.59   -9.24   -8.21   -6.82   -5.34   -4.08   -3.47   -3.74   -4.69   -5.98   -7.39   -8.77   -9.71   -9.79   -9.00   -7.69   -6.16
   -4.67   -3.66   -3.52   -4.19   -5.35   -6.72   -8.18   -9.41   -9.92   -9.47   -8.32   -6.82   -5.21   -3.87   -3.30   -3.67   -4.71   -6.06   -7.56   -9.02   -9.93   -9.89   -8.95   -7.53
   -5.88   -4.32   -3.36   -3.35   -4.17   -5.44   -6.92   -8.49   -9.74  -10.14   -9.54   -8.28   -6.68   -5.00   -3.68   -3.22   -3.74   -4.87   -6.27   -7.83   -9.28  -10.06   -9.83   -8.75
   -7.22   -5.51   -3.97   -3.16   -3.35   -4.32   -5.67   -7.24   -8.83   -9.98  -10.19   -9.44   -8.08   -6.42   -4.74   -3.55   -3.29   -3.96   -5.15   -6.58   -8.13   -9.47  -10.04   -9.59
   -8.38   -6.80   -5.10   -3.70   -3.11   -3.52   -4.61   -6.03   -7.62   -9.14  -10.09  -10.07   -9.16   -7.74   -6.08   -4.51   -3.53   -3.50   -4.30   -5.52   -6.94   -8.41   -9.55   -9.85
   -9.20   -7.91   -6.33   -4.73   -3.55   -3.25   -3.85   -5.03   -6.46   -8.00   -9.35  -10.04   -9.78   -8.75   -7.31   -5.73   -4.34   -3.63   -3.83   -4.72   -5.94   -7.30   -8.61   -9.49
   -9.52   -8.70   -7.38   -5.87   -4.45   -3.56   -3.53   -4.29   -5.50   -6.90   -8.30   -9.42   -9.83   -9.37   -8.27   -6.87   -5.42   -4.29   -3.86   -4.23   -5.17   -6.35   -7.60   -8.70
   -9.30   -9.09   -8.18   -6.88   -5.50   -4.32   -3.72   -3.91   -4.75   -5.95   -7.26   -8.49   -9.34   -9.50   -8.90   -7.79   -6.48   -5.22   -4.35   -4.16   -4.66   -5.59   -6.69   -7.79
   -8.67   -9.02   -8.64   -7.69   -6.48   -5.26   -4.33   -3.98   -4.31   -5.18   -6.31   -7.51   -8.54   -9.16   -9.13   -8.46   -7.39   -6.20   -5.15   -4.51   -4.49   -5.03   -5.92   -6.93
   -7.89   -8.56   -8.71   -8.24   -7.32   -6.22   -5.18   -4.45   -4.27   -4.67   -5.50   -6.56   -7.63   -8.49   -8.92   -8.78   -8.10   -7.11   -6.05   -5.16   -4.70   -4.77   -5.31   -6.14
   -7.07   -7.89   -8.40   -8.43   -7.95   -7.10   -6.11   -5.20   -4.62   -4.52   -4.92   -5.71   -6.70   -7.67   -8.40   -8.71   -8.52   -7.87   -6.95   -5.99   -5.22   -4.85   -4.95   -5.47
   -6.25   -7.12   -7.84   -8.27   -8.26   -7.80   -7.01   -6.10   -5.28   -4.76   -4.69   -5.07   -5.82   -6.77   -7.67   -8.32   -8.60   -8.40   -7.76   -6.87   -5.96   -5.24   -4.90   -5.00
   -5.51   -6.29   -7.13   -7.82   -8.23   -8.23   -7.80   -7.03   -6.13   -5.33   -4.82   -4.74   -5.11   -5.88   -6.82   -7.70   -8.33   -8.60   -8.39   -7.73   -6.82   -5.89   -5.17   -4.83
   -4.95   -5.49   -6.31   -7.18   -7.89   -8.33   -8.34   -7.88   -7.06   -6.12   -5.29   -4.77   -4.69   -5.11   -5.93   -6.91   -7.80   -8.46   -8.71   -8.44   -7.69   -6.71   -5.72   -4.97
   -4.65   -4.84   -5.48   -6.39   -7.32   -8.10   -8.56   -8.53   -7.97   -7.06   -6.04   -5.15   -4.61   -4.59   -5.12   -6.04   -7.07   -8.01   -8.69   -8.88   -8.47   -7.58   -6.48   -5.42
   -4.66   -4.42   -4.75   -5.54   -6.56   -7.59   -8.45   -8.89   -8.73   -8.00   -6.96   -5.84   -4.89   -4.39   -4.52   -5.20   -6.21   -7.32   -8.31   -8.97   -9.01   -8.40   -7.35   -6.13
   -5.01   -4.29   -4.21   -4.76   -5.72   -6.87   -8.00   -8.88   -9.21   -8.84   -7.93   -6.74   -5.52   -4.57   -4.20   -4.52   -5.37   -6.48   -7.65   -8.67   -9.22   -9.04   -8.20   -6.99
   -5.67   -4.54   -3.96   -4.11   -4.89   -6.02   -7.28   -8.48   -9.31   -9.44   -8.83   -7.73   -6.42   -5.14   -4.26   -4.10   -4.64   -5.63   -6.82   -8.04   -9.01   -9.37   -8.93   -7.87
   -6.53   -5.16   -4.09   -3.72   -4.16   -5.15   -6.41   -7.76   -8.95   -9.64   -9.52   -8.67   -7.42   -6.02   -4.75   -4.03   -4.12   -4.87   -5.98   -7.21   -8.42   -9.27   -9.38   -8.68
   -7.45   -6.02   -4.66   -3.74   -3.64   -4.35   -5.50   -6.85   -8.21   -9.33   -9.81   -9.44   -8.40   -7.03   -5.61   -4.43   -3.93   -4.27   -5.19   -6.35   -7.59   -8.73   -9.40   -9.26
   -8.34   -6.99   -5.54   -4.25   -3.54   -3.72   -4.63   -5.89   -7.25   -8.58   -9.57   -9.83   -9.23   -8.05   -6.64   -5.25   -4.23   -3.96   -4.51   -5.52   -6.70   -7.90   -8.94   -9.41
   -9.03   -7.95   -6.56   -5.13   -3.98   -3.50   -3.91   -4.95   -6.23   -7.58   -8.84   -9.67   -9.72   -8.95   -7.70   -6.30   -4.99   -4.14   -4.08   -4.77   -5.82   -6.97   -8.11   -9.03
   -9.32   -8.77   -7.60   -6.21   -4.87   -3.86   -3.58   -4.14   -5.23   -6.49   -7.80   -8.97   -9.66   -9.55   -8.68   -7.42   -6.06   -4.85   -4.15   -4.24   -4.99   -6.02   -7.13   -8.21
   -9.03   -9.18   -8.53   -7.35   -6.01   -4.75   -3.86   -3.72   -4.34   -5.42   -6.64   -7.90   -9.00   -9.59   -9.38   -8.48   -7.24   -5.94   -4.80   -4.20   -4.36   -5.11   -6.11   -7.18
   -8.23   -8.98   -9.05   -8.37   -7.23   -5.95   -4.75   -3.95   -3.85   -4.46   -5.49   -6.68   -7.91   -8.97   -9.50   -9.26   -8.38   -7.18   -5.90   -4.80   -4.24   -4.40   -5.12   -6.08
   -7.15   -8.20   -8.93   -9.00   -8.36   -7.27   -6.03   -4.85   -4.05   -3.93   -4.49   -5.47   -6.64   -7.87   -8.92   -9.45   -9.23   -8.38   -7.19   -5.92   -4.81   -4.22   -4.34   -5.01
   -5.98   -7.08   -8.17   -8.94   -9.06   -8.48   -7.43   -6.19   -4.98   -4.13   -3.94   -4.42   -5.37   -6.55   -7.80   -8.88   -9.46   -9.28   -8.45   -7.25   -5.93   -4.77   -4.12   -4.19
   -4.85   -5.84   -7.01   -8.17   -9.02   -9.23   -8.70   -7.65   -6.37   -5.09   -4.15   -3.88   -4.31   -5.26   -6.46   -7.75   -8.89   -9.53   -9.38   -8.53   -7.28   -5.90   -4.65   -3.94
   -3.98   -4.67   -5.73   -6.97   -8.24   -9.20   -9.47   -8.95   -7.87   -6.52   -5.16   -4.12   -3.78   -4.21   -5.18   -6.41   -7.75   -8.97   -9.64   -9.47   -8.57   -7.26   -5.79   -4.47
   -3.72   -3.79   -4.54   -5.68   -7.02   -8.40   -9.44   -9.72   -9.15   -8.01   -6.59   -5.14   -4.04   -3.69   -4.16   -5.17   -6.44   -7.83   -9.09   -9.75   -9.51   -8.52   -7.13   -5.59
   -4.23   -3.51   -3.66   -4.51   -5.74   -7.17   -8.63   -9.69   -9.91   -9.25   -8.04   -6.55   -5.03   -3.93   -3.65   -4.20   -5.25   -6.55   -7.99   -9.25   -9.81   -9.44   -8.36   -6.90
   -5.32   -3.97   -3.36   -3.65   -4.61   -5.92   -7.42   -8.91   -9.90   -9.98   -9.21   -7.93   -6.38   -4.85   -3.84   -3.70   -4.35   -5.44   -6.77   -8.21   -9.39   -9.78   -9.25   -8.08
   -6.58   -4.99   -3.75   -3.32   -3.79   -4.85   -6.22   -7.76   -9.18  -10.01   -9.91   -9.01   -7.67   -6.10   -4.64   -3.79   -3.84   -4.59   -5.73   -7.06   -8.45   -9.46   -9.63   -8.94
   -7.69   -6.17   -4.66   -3.61   -3.42   -4.06   -5.22   -6.62   -8.12   -9.40  -10.00   -9.68   -8.67   -7.28   -5.75   -4.45   -3.83   -4.07   -4.93   -6.09   -7.40   -8.65   -9.44   -9.37
   -8.53   -7.23   -5.74   -4.38   -3.58   -3.65   -4.45   -5.67   -7.06   -8.45   -9.52   -9.85   -9.33   -8.23   -6.83   -5.41   -4.32   -3.97   -4.39   -5.33   -6.49   -7.72   -8.80   -9.32
   -9.02   -8.05   -6.74   -5.35   -4.20   -3.68   -3.98   -4.90   -6.13   -7.46   -8.70   -9.52   -9.59   -8.90   -7.73   -6.38   -5.12   -4.29   -4.19   -4.76   -5.74   -6.87   -7.99   -8.85
   -9.11   -8.61   -7.57   -6.28   -5.03   -4.13   -3.88   -4.36   -5.34   -6.56   -7.80   -8.85   -9.41   -9.24   -8.43   -7.26   -6.00   -4.92   -4.35   -4.46   -5.14   -6.13   -7.20   -8.18
   -8.82   -8.84   -8.20   -7.12   -5.92   -4.84   -4.17   -4.15   -4.74   -5.74   -6.92   -8.04   -8.90   -9.22   -8.88   -7.99   -6.85   -5.71   -4.83   -4.49   -4.75   -5.48   -6.44   -7.44
   -8.28   -8.71   -8.55   -7.82   -6.78   -5.68   -4.76   -4.30   -4.43   -5.08   -6.08   -7.19   -8.20   -8.86   -9.00   -8.53   -7.63   -6.54   -5.52   -4.82   -4.64   -4.99   -5.73   -6.67
   -7.60   -8.31   -8.57   -8.29   -7.55   -6.55   -5.55   -4.78   -4.46   -4.68   -5.36   -6.33   -7.38   -8.28   -8.79   -8.80   -8.27   -7.36   -6.32   -5.40   -4.82   -4.75   -5.15   -5.90
   -6.82   -7.70   -8.30   -8.46   -8.13   -7.39   -6.44   -5.51   -4.84   -4.61   -4.87   -5.56   -6.52   -7.52   -8.32   -8.74   -8.65   -8.08   -7.17   -6.16   -5.30   -4.80   -4.79   -5.23
   -6.01   -6.93   -7.77   -8.31   -8.43   -8.08   -7.34   -6.40   -5.51   -4.88   -4.70   -4.99   -5.70   -6.66   -7.62   -8.37   -8.72   -8.59   -7.96   -7.02   -6.01   -5.17   -4.71   -4.76
   -5.26   -6.08   -7.03   -7.87   -8.41   -8.51   -8.13   -7.35   -6.39   -5.49   -4.87   -4.71   -5.05   -5.80   -6.77   -7.73   -8.46   -8.78   -8.57   -7.87   -6.87   -5.82   -4.97   -4.56
   -4.67   -5.26   -6.16   -7.17   -8.06   -8.62   -8.69   -8.23   -7.37   -6.35   -5.41   -4.78   -4.66   -5.07   -5.89   -6.90   -7.87   -8.60   -8.88   -8.58   -7.77   -6.68   -5.57   -4.71
   -4.35   -4.58   -5.29   -6.30   -7.39   -8.34   -8.91   -8.90   -8.32   -7.36   -6.25   -5.25   -4.62   -4.58   -5.09   -5.99   -7.05   -8.06   -8.80   -9.01   -8.56   -7.61   -6.43   -5.26
   -4.40   -4.13   -4.51   -5.38   -6.50   -7.69   -8.69   -9.22   -9.10   -8.37   -7.28   -6.07   -5.02   -4.43   -4.50   -5.15   -6.14   -7.25   -8.31   -9.02   -9.10   -8.49   -7.39   -6.11
   -4.90   -4.08   -3.95   -4.52   -5.54   -6.78   -8.04   -9.06   -9.51   -9.22   -8.32   -7.11   -5.82   -4.75   -4.25   -4.48   -5.27   -6.34   -7.51   -8.58   -9.22   -9.14   -8.34   -7.12
   -5.75   -4.51   -3.78   -3.84   -4.60   -5.77   -7.09   -8.40   -9.39   -9.71   -9.24   -8.19   -6.87   -5.52   -4.48   -4.12   -4.53   -5.44   -6.58   -7.78   -8.84   -9.37   -9.10   -8.14
   -6.80   -5.38   -4.16   -3.56   -3.82   -4.76   -6.03   -7.42   -8.73   -9.65   -9.81   -9.16   -7.99   -6.59   -5.22   -4.26   -4.06   -4.64   -5.65   -6.83   -8.05   -9.06   -9.45   -9.00
   -7.89   -6.47   -5.02   -3.87   -3.44   -3.90   -4.97   -6.30   -7.71   -9.00   -9.83   -9.82   -9.02   -7.74   -6.30   -4.95   -4.10   -4.08   -4.79   -5.86   -7.06   -8.27   -9.21   -9.46
   -8.85   -7.63   -6.17   -4.74   -3.68   -3.43   -4.04   -5.19   -6.54   -7.95   -9.20   -9.91   -9.76   -8.83   -7.49   -6.03   -4.73   -4.00   -4.13   -4.94   -6.03   -7.24   -8.43   -9.31
   -9.42   -8.68   -7.41   -5.94   -4.55   -3.60   -3.49   -4.20   -5.38   -6.73   -8.12   -9.33   -9.93   -9.65   -8.64   -7.27   -5.82   -4.57   -3.96   -4.20   -5.04   -6.14   -7.35   -8.54
   -9.34   -9.35   -8.54   -7.25   -5.81   -4.47   -3.62   -3.60   -4.35   -5.52   -6.85   -8.24   -9.40   -9.90   -9.53   -8.47   -7.10   -5.66   -4.47   -3.94   -4.24   -5.09   -6.19   -7.41
   -8.60   -9.35   -9.30   -8.46   -7.19   -5.78   -4.49   -3.69   -3.71   -4.46   -5.60   -6.92   -8.29   -9.40   -9.84   -9.42   -8.36   -6.99   -5.56   -4.40   -3.92   -4.23   -5.07   -6.18
   -7.43   -8.62   -9.35   -9.28   -8.47   -7.24   -5.85   -4.57   -3.80   -3.81   -4.52   -5.63   -6.94   -8.28   -9.36   -9.76   -9.33   -8.28   -6.92   -5.49   -4.35   -3.88   -4.18   -5.02
   -6.14   -7.42   -8.63   -9.37   -9.32   -8.56   -7.35   -5.97   -4.69   -3.91   -3.89   -4.55   -5.63   -6.91   -8.25   -9.31   -9.70   -9.27   -8.22   -6.86   -5.43   -4.29   -3.81   -4.10
   -4.95   -6.10   -7.41   -8.65   -9.43   -9.42   -8.69   -7.50   -6.12   -4.82   -4.00   -3.94   -4.57   -5.61   -6.88   -8.20   -9.26   -9.65   -9.22   -8.17   -6.80   -5.35   -4.20   -3.73
   -4.03   -4.89   -6.07   -7.43   -8.72   -9.53   -9.55   -8.82   -7.64   -6.23   -4.91   -4.07   -3.98   -4.59   -5.61   -6.86   -8.18   -9.24   -9.61   -9.15   -8.08   -6.70   -5.24   -4.09
   -3.64   -3.98   -4.88   -6.10   -7.50   -8.83   -9.66   -9.65   -8.90   -7.70   -6.28   -4.94   -4.10   -4.03   -4.64   -5.65   -6.89   -8.21   -9.25   -9.56   -9.05   -7.95   -6.55   -5.09
   -3.97   -3.58   -3.99   -4.94   -6.21   -7.65   -8.99   -9.77   -9.69   -8.90   -7.67   -6.23   -4.89   -4.09   -4.08   -4.73   -5.75   -7.00   -8.31   -9.28   -9.49   -8.89   -7.75   -6.33
   -4.89   -3.85   -3.58   -4.08   -5.11   -6.43   -7.88   -9.17   -9.83   -9.65   -8.78   -7.51   -6.07   -4.77   -4.08   -4.18   -4.89   -5.94   -7.18   -8.45   -9.30   -9.37   -8.66   -7.48
   -6.05   -4.67   -3.76   -3.65   -4.29   -5.39   -6.73   -8.16   -9.33   -9.83   -9.49   -8.54   -7.23   -5.80   -4.61   -4.09   -4.33   -5.13   -6.21   -7.44   -8.62   -9.30   -9.19   -8.36
   -7.12   -5.71   -4.43   -3.71   -3.80   -4.59   -5.76   -7.10   -8.45   -9.46   -9.75   -9.23   -8.18   -6.84   -5.48   -4.46   -4.14   -4.56   -5.44   -6.54   -7.74   -8.78   -9.25   -8.93
   -7.98   -6.70   -5.34   -4.22   -3.74   -4.05   -4.97   -6.18   -7.50   -8.72   -9.52   -9.57   -8.87   -7.73   -6.40   -5.15   -4.35   -4.27   -4.86   -5.81   -6.92   -8.05   -8.91   -9.13
   -8.60   -7.54   -6.25   -4.98   -4.07   -3.86   -4.37   -5.39   -6.62   -7.88   -8.95   -9.50   -9.30   -8.44   -7.24   -5.96   -4.87   -4.32   -4.48   -5.20   -6.21   -7.30   -8.32   -8.97
   -8.93   -8.21   -7.07   -5.81   -4.68   -4.02   -4.06   -4.74   -5.83   -7.05   -8.23   -9.11   -9.40   -8.95   -7.97   -6.75   -5.55   -4.66   -4.37   -4.74   -5.56   -6.60   -7.65   -8.53
   -8.94   -8.66   -7.80   -6.63   -5.43   -4.48   -4.07   -4.33   -5.13   -6.25   -7.45   -8.51   -9.17   -9.20   -8.57   -7.51   -6.31   -5.22   -4.55   -4.49   -5.02   -5.90   -6.94   -7.94
   -8.66   -8.83   -8.36   -7.41   -6.25   -5.16   -4.40   -4.21   -4.63   -5.52   -6.65   -7.79   -8.71   -9.15   -8.95   -8.18   -7.08   -5.92   -4.98   -4.51   -4.64   -5.28   -6.21   -7.24
   -8.15   -8.70   -8.67   -8.07   -7.08   -5.98   -5.00   -4.42   -4.41   -4.95   -5.88   -6.99   -8.05   -8.81   -9.05   -8.68   -7.81   -6.70   -5.61   -4.80   -4.51   -4.79   -5.50   -6.46
   -7.47   -8.30   -8.70   -8.53   -7.85   -6.86   -5.81   -4.94   -4.49   -4.62   -5.24   -6.18   -7.26   -8.23   -8.85   -8.92   -8.42   -7.50   -6.40   -5.37   -4.67   -4.52   -4.91   -5.68
   -6.66   -7.65   -8.40   -8.70   -8.44   -7.71   -6.73   -5.72   -4.92   -4.59   -4.80   -5.47   -6.41   -7.45   -8.34   -8.84   -8.80   -8.21   -7.25   -6.15   -5.17   -4.56   -4.52   -4.99
   -5.82   -6.82   -7.80   -8.51   -8.74   -8.42   -7.66   -6.67   -5.67   -4.92   -4.65   -4.93   -5.62   -6.57   -7.57   -8.40   -8.83   -8.71   -8.05   -7.05   -5.95   -4.99   -4.45   -4.48
   -5.03   -5.92   -6.96   -7.96   -8.66   -8.85   -8.47   -7.66   -6.64   -5.64   -4.90   -4.67   -4.98   -5.71   -6.67   -7.66   -8.47   -8.86   -8.67   -7.94   -6.89   -5.76   -4.81   -4.30
   -4.41   -5.04   -6.00   -7.10   -8.14   -8.85   -9.01   -8.57   -7.70   -6.62   -5.58   -4.83   -4.62   -4.98   -5.76   -6.74   -7.75   -8.57   -8.94   -8.68   -7.87   -6.75   -5.57   -4.59
   -4.12   -4.31   -5.03   -6.08   -7.26   -8.36   -9.09   -9.21   -8.69   -7.73   -6.58   -5.47   -4.69   -4.51   -4.95   -5.79   -6.83   -7.88   -8.72   -9.06   -8.71   -7.80   -6.60   -5.35
   -4.35   -3.91   -4.18   -5.03   -6.18   -7.45   -8.61   -9.34   -9.41   -8.79   -7.72   -6.48   -5.30   -4.51   -4.38   -4.91   -5.84   -6.94   -8.05   -8.91   -9.20   -8.75   -7.73   -6.43
   -5.10   -4.06   -3.68   -4.08   -5.05   -6.32   -7.67   -8.87   -9.60   -9.58   -8.84   -7.67   -6.33   -5.08   -4.29   -4.26   -4.90   -5.93   -7.09   -8.25   -9.13   -9.35   -8.78   -7.63
   -6.22   -4.82   -3.78   -3.48   -4.02   -5.13   -6.49   -7.90   -9.13   -9.83   -9.71   -8.84   -7.55   -6.11   -4.82   -4.07   -4.16   -4.93   -6.03   -7.26   -8.47   -9.34   -9.48   -8.77
   -7.49   -6.00   -4.54   -3.53   -3.35   -4.04   -5.25   -6.67   -8.13   -9.39  -10.03   -9.78   -8.77   -7.37   -5.86   -4.54   -3.87   -4.09   -4.98   -6.15   -7.43   -8.69   -9.54   -9.56
   -8.71   -7.34   -5.77   -4.30   -3.35   -3.31   -4.12   -5.40   -6.86   -8.36   -9.62  -10.17   -9.76   -8.63   -7.15   -5.58   -4.28   -3.72   -4.08   -5.04   -6.26   -7.60   -8.89   -9.69
   -9.59   -8.62   -7.18   -5.58   -4.12   -3.26   -3.35   -4.25   -5.56   -7.05   -8.57   -9.78  -10.21   -9.68   -8.45   -6.92   -5.33   -4.08   -3.63   -4.09   -5.10   -6.36   -7.75   -9.04
   -9.77   -9.56   -8.52   -7.06   -5.46   -4.04   -3.28   -3.46   -4.40   -5.72   -7.21   -8.72   -9.87  -10.17   -9.53   -8.26   -6.70   -5.12   -3.94   -3.60   -4.12   -5.15   -6.44   -7.86
   -9.14   -9.79   -9.50   -8.44   -6.99   -5.42   -4.06   -3.39   -3.62   -4.56   -5.85   -7.33   -8.80   -9.85  -10.05   -9.35   -8.06   -6.50   -4.96   -3.86   -3.60   -4.16   -5.20   -6.50
   -7.93   -9.18   -9.76   -9.44   -8.40   -6.99   -5.46   -4.17   -3.55   -3.80   -4.71   -5.96   -7.39   -8.79   -9.76   -9.88   -9.14   -7.87   -6.35   -4.86   -3.84   -3.64   -4.20   -5.24
   -6.54   -7.96   -9.17   -9.71   -9.39   -8.40   -7.05   -5.57   -4.33   -3.76   -3.99   -4.84   -6.03   -7.39   -8.72   -9.60   -9.67   -8.95   -7.72   -6.24   -4.81   -3.86   -3.69   -4.25
   -5.27   -6.56   -7.96   -9.13   -9.66   -9.37   -8.43   -7.13   -5.71   -4.52   -3.96   -4.17   -4.95   -6.07   -7.36   -8.61   -9.43   -9.48   -8.77   -7.58   -6.16   -4.79   -3.89   -3.75
   -4.30   -5.30   -6.58   -7.96   -9.11   -9.63   -9.36   -8.46   -7.21   -5.83   -4.68   -4.13   -4.31   -5.04   -6.08   -7.31   -8.51   -9.28   -9.31   -8.61   -7.46   -6.08   -4.77   -3.92
   -3.80   -4.35   -5.35   -6.62   -7.99   -9.11   -9.61   -9.34   -8.46   -7.24   -5.90   -4.78   -4.25   -4.41   -5.11   -6.12   -7.31   -8.46   -9.18   -9.17   -8.47   -7.34   -5.99   -4.73
   -3.93   -3.85   -4.43   -5.45   -6.72   -8.07   -9.15   -9.60   -9.29   -8.40   -7.19   -5.87   -4.79   -4.30   -4.49   -5.20   -6.20   -7.37   -8.48   -9.13   -9.06   -8.32   -7.18   -5.85
   -4.63   -3.91   -3.90   -4.55   -5.62   -6.90   -8.21   -9.23   -9.58   -9.19   -8.26   -7.03   -5.73   -4.71   -4.31   -4.58   -5.34   -6.36   -7.52   -8.57   -9.13   -8.94   -8.13   -6.96
   -5.64   -4.48   -3.87   -3.99   -4.75   -5.87   -7.16   -8.42   -9.33   -9.54   -9.02   -8.02   -6.76   -5.49   -4.57   -4.31   -4.72   -5.56   -6.61   -7.75   -8.72   -9.13   -8.79   -7.87
   -6.65   -5.34   -4.28   -3.84   -4.15   -5.03   -6.21   -7.48   -8.67   -9.43   -9.44   -8.77   -7.67   -6.39   -5.18   -4.42   -4.37   -4.93   -5.85   -6.94   -8.05   -8.89   -9.10   -8.56
   -7.52   -6.25   -4.99   -4.09   -3.87   -4.39   -5.39   -6.61   -7.86   -8.94   -9.49   -9.26   -8.41   -7.22   -5.94   -4.85   -4.32   -4.50   -5.22   -6.22   -7.33   -8.37   -9.03   -8.98
   -8.24   -7.08   -5.79   -4.63   -3.95   -4.00   -4.72   -5.82   -7.06   -8.27   -9.18   -9.46   -8.98   -7.96   -6.71   -5.47   -4.57   -4.30   -4.71   -5.58   -6.64   -7.74   -8.67   -9.08
   -8.75   -7.82   -6.59   -5.33   -4.33   -3.92   -4.24   -5.12   -6.30   -7.54   -8.65   -9.34   -9.31   -8.58   -7.44   -6.16   -5.03   -4.36   -4.38   -5.00   -5.97   -7.08   -8.14   -8.89
   -9.02   -8.44   -7.37   -6.11   -4.93   -4.15   -4.02   -4.57   -5.58   -6.79   -8.00   -8.96   -9.36   -9.04   -8.11   -6.88   -5.64   -4.67   -4.27   -4.55   -5.34   -6.39   -7.51   -8.48
   -9.00   -8.85   -8.06   -6.91   -5.68   -4.65   -4.11   -4.25   -4.98   -6.06   -7.27   -8.38   -9.13   -9.24   -8.66   -7.59   -6.34   -5.18   -4.42   -4.29   -4.79   -5.69   -6.78   -7.88
   -8.71   -9.00   -8.61   -7.69   -6.52   -5.36   -4.50   -4.19   -4.55   -5.40   -6.51   -7.67   -8.65   -9.16   -9.01   -8.24   -7.09   -5.87   -4.84   -4.28   -4.39   -5.05   -6.03   -7.13
   -8.16   -8.84   -8.92   -8.36   -7.37   -6.22   -5.16   -4.46   -4.36   -4.87   -5.78   -6.87   -7.95   -8.78   -9.08   -8.73   -7.83   -6.67   -5.51   -4.61   -4.25   -4.53   -5.30   -6.31
   -7.40   -8.35   -8.89   -8.81   -8.15   -7.14   -6.03   -5.07   -4.51   -4.56   -5.16   -6.08   -7.12   -8.11   -8.80   -8.94   -8.45   -7.50   -6.35   -5.27   -4.48   -4.27   -4.67   -5.50
   -6.52   -7.58   -8.47   -8.91   -8.73   -8.02   -7.01   -5.95   -5.05   -4.59   -4.73   -5.37   -6.27   -7.26   -8.17   -8.77   -8.80   -8.24   -7.27   -6.15   -5.12   -4.41   -4.29   -4.76
   -5.61   -6.63   -7.69   -8.55   -8.94   -8.71   -7.98   -6.98   -5.94   -5.07   -4.66   -4.83   -5.47   -6.35   -7.31   -8.19   -8.74   -8.73   -8.13   -7.15   -6.04   -5.01   -4.34   -4.25
   -4.75   -5.62   -6.68   -7.77   -8.64   -9.02   -8.78   -8.04   -7.02   -5.96   -5.08   -4.66   -4.83   -5.46   -6.35   -7.32   -8.21   -8.76   -8.74   -8.13   -7.13   -5.98   -4.92   -4.22
   -4.13   -4.65   -5.57   -6.70   -7.85   -8.76   -9.17   -8.94   -8.16   -7.09   -5.97   -5.03   -4.56   -4.72   -5.38   -6.31   -7.34   -8.28   -8.87   -8.86   -8.22   -7.15   -5.92   -4.78
   -4.02   -3.93   -4.49   -5.50   -6.73   -7.96   -8.95   -9.40   -9.15   -8.30   -7.15   -5.92   -4.89   -4.37   -4.55   -5.28   -6.30   -7.40   -8.42   -9.07   -9.06   -8.34   -7.17   -5.83
   -4.58   -3.76   -3.67   -4.33   -5.46   -6.80   -8.13   -9.19   -9.67   -9.37   -8.42   -7.13   -5.78   -4.65   -4.11   -4.35   -5.19   -6.31   -7.52   -8.64   -9.34   -9.29   -8.46   -7.15
   -5.68   -4.32   -3.46   -3.44   -4.22   -5.49   -6.92   -8.34   -9.49   -9.96   -9.55   -8.45   -7.03   -5.55   -4.33   -3.82   -4.18   -5.15   -6.38   -7.69   -8.90   -9.63   -9.49   -8.52
   -7.08   -5.49   -4.04   -3.19   -3.28   -4.21   -5.58   -7.10   -8.61   -9.79  -10.19   -9.63   -8.39   -6.83   -5.24   -4.00   -3.57   -4.08   -5.16   -6.48   -7.89   -9.19   -9.89   -9.62
   -8.51   -6.96   -5.27   -3.79   -3.01   -3.25   -4.29   -5.73   -7.31   -8.88  -10.06  -10.33   -9.60   -8.22   -6.57   -4.91   -3.69   -3.41   -4.05   -5.22   -6.62   -8.12   -9.45  -10.07
   -9.65   -8.43   -6.81   -5.08   -3.62   -2.95   -3.33   -4.45   -5.92   -7.54   -9.13  -10.22  -10.33   -9.45   -7.98   -6.27   -4.60   -3.48   -3.34   -4.09   -5.32   -6.77   -8.33   -9.63
  -10.13   -9.59   -8.30   -6.66   -4.94   -3.56   -3.03   -3.51   -4.66   -6.13   -7.75   -9.28  -10.24  -10.18   -9.20   -7.70   -5.98   -4.36   -3.38   -3.38   -4.20   -5.45   -6.93   -8.49
   -9.71  -10.08   -9.45   -8.16   -6.55   -4.89   -3.63   -3.23   -3.76   -4.90   -6.32   -7.89   -9.32  -10.12   -9.93   -8.90   -7.41   -5.74   -4.24   -3.40   -3.51   -4.35   -5.59   -7.06
   -8.57   -9.68   -9.94   -9.29   -8.04   -6.50   -4.94   -3.81   -3.51   -4.05   -5.13   -6.48   -7.94   -9.23   -9.88   -9.61   -8.58   -7.15   -5.58   -4.21   -3.51   -3.68   -4.51   -5.72
   -7.14   -8.56   -9.56   -9.76   -9.13   -7.95   -6.51   -5.07   -4.06   -3.82   -4.34   -5.32   -6.56   -7.90   -9.06   -9.58   -9.27   -8.30   -6.96   -5.50   -4.27   -3.68   -3.87   -4.67
   -5.82   -7.17   -8.50   -9.41   -9.58   -8.99   -7.91   -6.57   -5.24   -4.33   -4.12   -4.57   -5.45   -6.58   -7.81   -8.84   -9.29   -8.98   -8.08   -6.85   -5.50   -4.38   -3.86   -4.04
   -4.78   -5.88   -7.16   -8.41   -9.26   -9.42   -8.89   -7.88   -6.63   -5.41   -4.56   -4.34   -4.73   -5.53   -6.57   -7.70   -8.65   -9.06   -8.78   -7.94   -6.78   -5.52   -4.48   -3.99
   -4.16   -4.87   -5.92   -7.16   -8.35   -9.15   -9.31   -8.81   -7.86   -6.67   -5.51   -4.70   -4.47   -4.82   -5.58   -6.57   -7.64   -8.54   -8.93   -8.66   -7.85   -6.73   -5.52   -4.53
   -4.06   -4.23   -4.94   -5.99   -7.20   -8.34   -9.12   -9.25   -8.75   -7.80   -6.64   -5.51   -4.72   -4.51   -4.87   -5.64   -6.62   -7.67   -8.54   -8.89   -8.59   -7.77   -6.64   -5.45
   -4.49   -4.05   -4.27   -5.04   -6.12   -7.32   -8.43   -9.16   -9.23   -8.66   -7.68   -6.50   -5.38   -4.63   -4.49   -4.93   -5.75   -6.75   -7.80   -8.64   -8.93   -8.53   -7.63   -6.47
   -5.27   -4.34   -4.00   -4.34   -5.21   -6.34   -7.54   -8.62   -9.26   -9.20   -8.51   -7.45   -6.23   -5.13   -4.48   -4.48   -5.05   -5.95   -7.00   -8.05   -8.82   -8.96   -8.41   -7.40
   -6.18   -4.98   -4.14   -3.96   -4.49   -5.48   -6.66   -7.87   -8.89   -9.37   -9.10   -8.25   -7.09   -5.84   -4.81   -4.33   -4.53   -5.27   -6.26   -7.35   -8.39   -9.01   -8.93   -8.18
   -7.05   -5.77   -4.62   -3.95   -4.02   -4.75   -5.85   -7.08   -8.28   -9.18   -9.41   -8.89   -7.86   -6.61   -5.37   -4.48   -4.25   -4.69   -5.58   -6.66   -7.79   -8.74   -9.14   -8.78
   -7.83   -6.58   -5.29   -4.27   -3.86   -4.21   -5.13   -6.32   -7.58   -8.71   -9.39   -9.31   -8.53   -7.34   -6.03   -4.87   -4.22   -4.29   -4.97   -5.99   -7.15   -8.26   -9.04   -9.14
   -8.50   -7.37   -6.06   -4.82   -4.02   -3.93   -4.54   -5.61   -6.86   -8.10   -9.08   -9.45   -9.03   -8.02   -6.72   -5.42   -4.43   -4.09   -4.47   -5.35   -6.48   -7.67   -8.69   -9.22
   -8.99   -8.10   -6.85   -5.54   -4.45   -3.93   -4.15   -4.98   -6.14   -7.41   -8.56   -9.30   -9.32   -8.60   -7.41   -6.08   -4.87   -4.13   -4.12   -4.77   -5.80   -6.99   -8.15   -9.01
   -9.23   -8.70   -7.63   -6.34   -5.10   -4.22   -4.01   -4.51   -5.48   -6.68   -7.90   -8.89   -9.34   -9.02   -8.06   -6.79   -5.48   -4.44   -4.00   -4.30   -5.15   -6.27   -7.46   -8.54
   -9.17   -9.10   -8.34   -7.17   -5.91   -4.79   -4.15   -4.22   -4.93   -5.98   -7.15   -8.26   -9.04   -9.20   -8.61   -7.51   -6.22   -5.02   -4.19   -4.03   -4.57   -5.55   -6.69   -7.84
   -8.78   -9.18   -8.87   -7.96   -6.78   -5.59   -4.64   -4.23   -4.52   -5.34   -6.40   -7.50   -8.47   -9.04   -8.94   -8.18   -7.02   -5.79   -4.72   -4.10   -4.17   -4.87   -5.89   -7.00
   -8.08   -8.87   -9.09   -8.62   -7.65   -6.51   -5.41   -4.61   -4.39   -4.82   -5.68   -6.68   -7.69   -8.53   -8.93   -8.66   -7.81   -6.67   -5.53   -4.58   -4.12   -4.34   -5.10   -6.11
   -7.18   -8.19   -8.88   -8.97   -8.43   -7.47   -6.38   -5.37   -4.68   -4.56   -5.05   -5.88   -6.82   -7.75   -8.50   -8.79   -8.44   -7.58   -6.49   -5.41   -4.55   -4.17   -4.45   -5.21
   -6.19   -7.23   -8.21   -8.85   -8.90   -8.35   -7.43   -6.38   -5.41   -4.76   -4.68   -5.15   -5.93   -6.83   -7.73   -8.44   -8.70   -8.35   -7.51   -6.46   -5.40   -4.54   -4.18   -4.44
   -5.17   -6.14   -7.21   -8.21   -8.87   -8.94   -8.42   -7.52   -6.47   -5.48   -4.80   -4.68   -5.09   -5.85   -6.76   -7.69   -8.43   -8.72   -8.41   -7.59   -6.52   -5.41   -4.50   -4.08
   -4.29   -5.01   -6.02   -7.17   -8.24   -8.96   -9.10   -8.61   -7.68   -6.57   -5.50   -4.73   -4.53   -4.91   -5.70   -6.68   -7.68   -8.51   -8.88   -8.61   -7.77   -6.62   -5.41   -4.39
   -3.87   -4.03   -4.79   -5.91   -7.17   -8.34   -9.17   -9.37   -8.87   -7.86   -6.62   -5.41   -4.52   -4.25   -4.66   -5.54   -6.63   -7.76   -8.70   -9.17   -8.90   -7.98   -6.70   -5.34
   -4.18   -3.56   -3.74   -4.61   -5.86   -7.24   -8.53   -9.47   -9.69   -9.11   -7.96   -6.57   -5.21   -4.20   -3.91   -4.41   -5.43   -6.65   -7.91   -9.00   -9.53   -9.20   -8.14   -6.71
   -5.19   -3.89   -3.24   -3.50   -4.51   -5.90   -7.39   -8.80   -9.81   -9.99   -9.26   -7.95   -6.40   -4.88   -3.81   -3.58   -4.23   -5.39   -6.75   -8.16   -9.36   -9.88   -9.43   -8.22
   -6.64   -4.98   -3.59   -2.98   -3.38   -4.53   -6.02   -7.61   -9.12  -10.14  -10.19   -9.28   -7.81   -6.12   -4.50   -3.43   -3.35   -4.16   -5.44   -6.92   -8.45   -9.71  -10.14   -9.54
   -8.18   -6.49   -4.74   -3.35   -2.85   -3.41   -4.67   -6.21   -7.87   -9.43  -10.36  -10.23   -9.15   -7.56   -5.77   -4.12   -3.16   -3.25   -4.20   -5.58   -7.14   -8.74   -9.97  -10.27
   -9.50   -8.05   -6.30   -4.53   -3.22   -2.89   -3.58   -4.89   -6.46   -8.14   -9.65  -10.42  -10.09   -8.88   -7.23   -5.41   -3.83   -3.03   -3.30   -4.35   -5.77   -7.38   -8.99  -10.10
  -10.23   -9.34   -7.86   -6.10   -4.39   -3.23   -3.08   -3.86   -5.17   -6.71   -8.35   -9.73  -10.29   -9.80   -8.52   -6.87   -5.11   -3.67   -3.08   -3.49   -4.58   -6.00   -7.60   -9.13
  -10.08  -10.04   -9.10   -7.64   -5.96   -4.37   -3.40   -3.39   -4.20   -5.46   -6.93   -8.45   -9.64  -10.01   -9.40   -8.13   -6.53   -4.90   -3.66   -3.26   -3.76   -4.84   -6.22   -7.75
   -9.14   -9.92   -9.77   -8.83   -7.44   -5.88   -4.47   -3.67   -3.76   -4.55   -5.72   -7.07   -8.43   -9.43   -9.63   -8.98   -7.76   -6.29   -4.82   -3.78   -3.53   -4.06   -5.10   -6.40
   -7.81   -9.04   -9.67   -9.47   -8.58   -7.30   -5.88   -4.65   -4.01   -4.14   -4.86   -5.91   -7.12   -8.31   -9.13   -9.23   -8.59   -7.48   -6.15   -4.86   -3.99   -3.83   -4.34   -5.30
   -6.50   -7.79   -8.87   -9.39   -9.18   -8.37   -7.22   -5.95   -4.87   -4.33   -4.45   -5.08   -6.02   -7.10   -8.14   -8.83   -8.89   -8.31   -7.31   -6.12   -4.98   -4.22   -4.09   -4.54
   -5.42   -6.54   -7.71   -8.68   -9.15   -8.96   -8.24   -7.19   -6.04   -5.07   -4.58   -4.66   -5.21   -6.05   -7.04   -7.98   -8.60   -8.66   -8.15   -7.25   -6.15   -5.10   -4.40   -4.25
   -4.65   -5.48   -6.54   -7.64   -8.54   -8.99   -8.84   -8.17   -7.18   -6.10   -5.19   -4.70   -4.74   -5.25   -6.06   -7.00   -7.89   -8.50   -8.58   -8.11   -7.23   -6.17   -5.16   -4.47
   -4.30   -4.69   -5.52   -6.56   -7.62   -8.51   -8.96   -8.80   -8.12   -7.15   -6.08   -5.18   -4.68   -4.73   -5.27   -6.10   -7.03   -7.92   -8.54   -8.61   -8.11   -7.21   -6.13   -5.11
   -4.41   -4.26   -4.71   -5.59   -6.66   -7.72   -8.61   -9.02   -8.80   -8.06   -7.03   -5.93   -5.02   -4.56   -4.69   -5.31   -6.20   -7.17   -8.10   -8.69   -8.69   -8.09   -7.10   -5.97
   -4.92   -4.25   -4.20   -4.79   -5.76   -6.87   -7.96   -8.83   -9.14   -8.77   -7.90   -6.78   -5.63   -4.74   -4.39   -4.68   -5.44   -6.41   -7.46   -8.40   -8.91   -8.74   -7.97   -6.87
   -5.67   -4.62   -4.07   -4.21   -4.96   -6.04   -7.21   -8.32   -9.11   -9.22   -8.63   -7.60   -6.37   -5.21   -4.42   -4.27   -4.78   -5.69   -6.76   -7.87   -8.76   -9.09   -8.68   -7.72
   -6.50   -5.25   -4.29   -3.95   -4.34   -5.27   -6.44   -7.66   -8.75   -9.34   -9.16   -8.33   -7.13   -5.83   -4.71   -4.13   -4.28   -5.01   -6.07   -7.24   -8.36   -9.11   -9.15   -8.47
   -7.33   -6.02   -4.79   -4.01   -3.97   -4.62   -5.70   -6.94   -8.18   -9.12   -9.42   -8.92   -7.85   -6.53   -5.22   -4.26   -3.99   -4.44   -5.39   -6.57   -7.80   -8.84   -9.34   -9.05
   -8.11   -6.83   -5.48   -4.38   -3.88   -4.16   -5.04   -6.22   -7.50   -8.66   -9.36   -9.30   -8.48   -7.24   -5.86   -4.63   -3.94   -4.02   -4.77   -5.88   -7.13   -8.35   -9.22   -9.39
   -8.78   -7.64   -6.29   -4.99   -4.10   -3.94   -4.51   -5.54   -6.77   -8.02   -9.01   -9.40   -8.97   -7.91   -6.56   -5.21   -4.17   -3.81   -4.24   -5.21   -6.41   -7.69   -8.80   -9.41
   -9.25   -8.37   -7.11   -5.77   -4.61   -4.00   -4.16   -4.96   -6.08   -7.29   -8.43   -9.19   -9.23   -8.50   -7.29   -5.93   -4.68   -3.90   -3.89   -4.60   -5.69   -6.92   -8.14   -9.09
   -9.41   -8.95   -7.91   -6.62   -5.35   -4.39   -4.07   -4.50   -5.44   -6.56   -7.70   -8.67   -9.17   -8.92   -7.98   -6.71   -5.41   -4.35   -3.84   -4.11   -4.99   -6.14   -7.33   -8.44
   -9.19   -9.26   -8.60   -7.48   -6.23   -5.09   -4.34   -4.27   -4.88   -5.86   -6.92   -7.95   -8.75   -9.01   -8.54   -7.51   -6.26   -5.08   -4.20   -3.93   -4.39   -5.34   -6.46   -7.58
   -8.58   -9.15   -9.04   -8.27   -7.16   -6.00   -4.99   -4.42   -4.51   -5.20   -6.15   -7.13   -8.04   -8.70   -8.80   -8.21   -7.17   -6.00   -4.94   -4.20   -4.07   -4.62   -5.57   -6.62
   -7.68   -8.58   -9.04   -8.84   -8.06   -7.00   -5.92   -5.01   -4.55   -4.72   -5.39   -6.27   -7.18   -8.02   -8.60   -8.62   -8.01   -7.01   -5.92   -4.93   -4.26   -4.19   -4.73   -5.62
   -6.63   -7.66   -8.54   -8.96   -8.75   -8.01   -7.01   -5.97   -5.09   -4.64   -4.80   -5.41   -6.23   -7.12   -7.96   -8.52   -8.55   -7.98   -7.04   -5.98   -4.99   -4.31   -4.20   -4.67
   -5.52   -6.53   -7.60   -8.50   -8.97   -8.81   -8.12   -7.13   -6.06   -5.14   -4.63   -4.71   -5.27   -6.09   -7.02   -7.92   -8.54   -8.64   -8.14   -7.22   -6.12   -5.05   -4.28   -4.07
   -4.47   -5.32   -6.40   -7.55   -8.54   -9.10   -9.02   -8.34   -7.29   -6.13   -5.09   -4.47   -4.47   -5.02   -5.91   -6.94   -7.95   -8.70   -8.90   -8.44   -7.46   -6.25   -5.05   -4.14
   -3.82   -4.19   -5.11   -6.31   -7.57   -8.68   -9.35   -9.32   -8.58   -7.42   -6.11   -4.92   -4.17   -4.12   -4.74   -5.76   -6.93   -8.09   -8.99   -9.28   -8.78   -7.69   -6.33   -4.96
   -3.90   -3.50   -3.92   -4.96   -6.29   -7.68   -8.93   -9.69   -9.62   -8.76   -7.44   -5.96   -4.61   -3.77   -3.77   -4.52   -5.69   -7.01   -8.34   -9.38   -9.68   -9.08   -7.84   -6.32
   -4.79   -3.60   -3.21   -3.75   -4.92   -6.36   -7.87   -9.24  -10.02   -9.84   -8.81   -7.33   -5.70   -4.22   -3.37   -3.49   -4.41   -5.72   -7.19   -8.67   -9.78  -10.01   -9.26   -7.87
   -6.21   -4.55   -3.32   -3.03   -3.72   -5.01   -6.53   -8.14   -9.56  -10.27   -9.91   -8.71   -7.09   -5.34   -3.81   -3.06   -3.36   -4.43   -5.86   -7.45   -9.02  -10.11  -10.19   -9.28
   -7.78   -6.02   -4.30   -3.14   -3.01   -3.84   -5.20   -6.77   -8.42   -9.81  -10.36   -9.80   -8.46   -6.76   -4.95   -3.48   -2.91   -3.40   -4.59   -6.09   -7.75   -9.33  -10.29  -10.19
   -9.14   -7.57   -5.78   -4.11   -3.10   -3.15   -4.09   -5.47   -7.05   -8.67   -9.93  -10.25   -9.52   -8.10   -6.37   -4.60   -3.29   -2.95   -3.60   -4.86   -6.39   -8.04   -9.53  -10.30
  -10.02   -8.88   -7.30   -5.55   -4.01   -3.22   -3.44   -4.43   -5.79   -7.31   -8.83   -9.87   -9.97   -9.11   -7.67   -5.99   -4.36   -3.28   -3.16   -3.92   -5.19   -6.69   -8.27   -9.59
  -10.14   -9.71   -8.55   -7.02   -5.38   -4.04   -3.47   -3.82   -4.81   -6.10   -7.51   -8.85   -9.66   -9.56   -8.64   -7.25   -5.68   -4.26   -3.43   -3.49   -4.30   -5.53   -6.95   -8.39
   -9.49   -9.84   -9.32   -8.19   -6.77   -5.31   -4.19   -3.81   -4.23   -5.17   -6.35   -7.62   -8.75   -9.33   -9.11   -8.19   -6.90   -5.50   -4.30   -3.70   -3.87   -4.67   -5.82   -7.12
   -8.39   -9.29   -9.49   -8.94   -7.88   -6.59   -5.32   -4.41   -4.17   -4.60   -5.46   -6.51   -7.63   -8.56   -8.98   -8.69   -7.83   -6.67   -5.45   -4.46   -4.01   -4.23   -4.97   -6.02
   -7.19   -8.29   -9.03   -9.14   -8.61   -7.65   -6.50   -5.40   -4.66   -4.49   -4.89   -5.65   -6.59   -7.57   -8.35   -8.66   -8.37   -7.60   -6.58   -5.51   -4.65   -4.29   -4.49   -5.16
   -6.12   -7.19   -8.16   -8.79   -8.87   -8.39   -7.52   -6.49   -5.51   -4.86   -4.70   -5.04   -5.74   -6.61   -7.49   -8.18   -8.46   -8.21   -7.52   -6.58   -5.60   -4.82   -4.47   -4.62
   -5.24   -6.16   -7.16   -8.05   -8.64   -8.73   -8.28   -7.47   -6.49   -5.57   -4.95   -4.78   -5.09   -5.76   -6.60   -7.44   -8.11   -8.40   -8.19   -7.53   -6.61   -5.66   -4.89   -4.52
   -4.65   -5.27   -6.19   -7.16   -8.04   -8.62   -8.71   -8.26   -7.43   -6.44   -5.53   -4.89   -4.72   -5.06   -5.77   -6.63   -7.49   -8.18   -8.49   -8.26   -7.56   -6.61   -5.63   -4.83
   -4.45   -4.62   -5.31   -6.27   -7.27   -8.16   -8.74   -8.78   -8.25   -7.34   -6.29   -5.34   -4.70   -4.59   -5.03   -5.82   -6.75   -7.67   -8.40   -8.67   -8.34   -7.54   -6.51   -5.46
   -4.65   -4.32   -4.62   -5.42   -6.44   -7.49   -8.42   -8.95   -8.85   -8.16   -7.13   -6.00   -5.01   -4.44   -4.47   -5.07   -5.99   -7.02   -8.01   -8.72   -8.87   -8.36   -7.41   -6.27
   -5.16   -4.39   -4.21   -4.69   -5.63   -6.74   -7.85   -8.76   -9.14   -8.82   -7.93   -6.76   -5.55   -4.59   -4.18   -4.44   -5.23   -6.30   -7.44   -8.46   -9.06   -8.98   -8.26   -7.14
   -5.89   -4.78   -4.14   -4.20   -4.89   -5.96   -7.15   -8.29   -9.09   -9.23   -8.63   -7.54   -6.24   -5.01   -4.18   -4.03   -4.57   -5.56   -6.75   -7.96   -8.94   -9.32   -8.96   -8.00
   -6.74   -5.43   -4.40   -4.00   -4.33   -5.22   -6.39   -7.63   -8.72   -9.31   -9.13   -8.26   -7.00   -5.63   -4.46   -3.87   -4.05   -4.86   -6.01   -7.30   -8.52   -9.33   -9.42   -8.76
   -7.60   -6.24   -4.95   -4.11   -4.01   -4.62   -5.66   -6.89   -8.12   -9.07   -9.36   -8.84   -7.74   -6.37   -5.01   -4.01   -3.74   -4.26   -5.29   -6.55   -7.87   -9.00   -9.56   -9.32
   -8.40   -7.11   -5.72   -4.55   -3.97   -4.19   -5.02   -6.15   -7.38   -8.53   -9.25   -9.21   -8.40   -7.14   -5.74   -4.48   -3.74   -3.82   -4.61   -5.78   -7.08   -8.36   -9.31   -9.59
   -9.05   -7.94   -6.60   -5.27   -4.29   -4.01   -4.51   -5.48   -6.63   -7.81   -8.80   -9.25   -8.91   -7.89   -6.56   -5.21   -4.12   -3.67   -4.06   -5.04   -6.26   -7.53   -8.70   -9.44
   -9.43   -8.67   -7.47   -6.15   -4.95   -4.19   -4.20   -4.89   -5.92   -7.03   -8.10   -8.91   -9.11   -8.52   -7.39   -6.07   -4.83   -3.95   -3.77   -4.38   -5.44   -6.64   -7.84   -8.87
   -9.41   -9.18   -8.29   -7.07   -5.83   -4.78   -4.24   -4.45   -5.25   -6.26   -7.29   -8.24   -8.88   -8.87   -8.14   -6.98   -5.73   -4.63   -3.94   -3.96   -4.68   -5.75   -6.89   -8.00
   -8.91   -9.28   -8.91   -7.98   -6.81   -5.66   -4.74   -4.37   -4.70   -5.50   -6.45   -7.40   -8.26   -8.78   -8.65   -7.86   -6.74   -5.58   -4.59   -4.03   -4.15   -4.89   -5.90   -6.98
   -8.03   -8.86   -9.14   -8.73   -7.81   -6.70   -5.62   -4.78   -4.49   -4.84   -5.60   -6.49   -7.40   -8.22   -8.67   -8.50   -7.74   -6.68   -5.59   -4.65   -4.13   -4.26   -4.95   -5.90
   -6.95   -8.00   -8.80   -9.06   -8.67   -7.80   -6.73   -5.66   -4.83   -4.52   -4.83   -5.53   -6.40   -7.33   -8.17   -8.64   -8.51   -7.81   -6.80   -5.71   -4.74   -4.18   -4.24   -4.85
   -5.79   -6.86   -7.94   -8.78   -9.10   -8.76   -7.91   -6.82   -5.70   -4.80   -4.43   -4.66   -5.35   -6.26   -7.25   -8.17   -8.73   -8.69   -8.04   -7.01   -5.86   -4.80   -4.13   -4.09
   -4.66   -5.62   -6.76   -7.92   -8.85   -9.26   -8.96   -8.08   -6.91   -5.68   -4.67   -4.19   -4.38   -5.11   -6.11   -7.23   -8.28   -8.97   -9.00   -8.35   -7.25   -5.98   -4.78   -3.98
   -3.85   -4.43   -5.47   -6.71   -7.97   -9.02   -9.50   -9.19   -8.23   -6.94   -5.57   -4.41   -3.85   -4.06   -4.88   -6.02   -7.28   -8.49   -9.32   -9.38   -8.66   -7.45   -6.03   -4.68
   -3.75   -3.60   -4.25   -5.39   -6.73   -8.11   -9.27   -9.78   -9.39   -8.29   -6.86   -5.34   -4.07   -3.49   -3.79   -4.75   -6.02   -7.44   -8.80   -9.70   -9.73   -8.89   -7.55   -5.99
   -4.50   -3.51   -3.42   -4.17   -5.40   -6.83   -8.32   -9.54  -10.00   -9.47   -8.23   -6.66   -5.02   -3.70   -3.19   -3.63   -4.73   -6.14   -7.69   -9.16  -10.04   -9.95   -8.98   -7.52
   -5.85   -4.28   -3.32   -3.35   -4.22   -5.53   -7.03   -8.57   -9.78  -10.09   -9.39   -8.03   -6.37   -4.66   -3.38   -3.02   -3.64   -4.86   -6.36   -8.00   -9.48  -10.26  -10.00   -8.91
   -7.36   -5.63   -4.07   -3.24   -3.43   -4.41   -5.75   -7.28   -8.82   -9.90  -10.02   -9.16   -7.71   -6.00   -4.32   -3.18   -3.03   -3.81   -5.12   -6.67   -8.32   -9.72  -10.31   -9.88
   -8.68   -7.09   -5.37   -3.92   -3.29   -3.65   -4.70   -6.05   -7.56   -9.00   -9.89   -9.78   -8.79   -7.31   -5.62   -4.05   -3.14   -3.21   -4.13   -5.47   -7.02   -8.60   -9.82  -10.19
   -9.59   -8.33   -6.76   -5.13   -3.88   -3.48   -3.98   -5.05   -6.37   -7.80   -9.08   -9.72   -9.42   -8.34   -6.87   -5.28   -3.91   -3.26   -3.54   -4.53   -5.87   -7.35   -8.78   -9.77
   -9.92   -9.19   -7.92   -6.42   -4.95   -3.95   -3.77   -4.37   -5.43   -6.68   -7.97   -9.04   -9.43   -8.97   -7.87   -6.47   -5.03   -3.92   -3.52   -3.95   -4.96   -6.24   -7.60   -8.84
   -9.59   -9.54   -8.75   -7.52   -6.14   -4.87   -4.11   -4.12   -4.77   -5.78   -6.93   -8.06   -8.90   -9.08   -8.52   -7.44   -6.16   -4.92   -4.05   -3.85   -4.36   -5.34   -6.53   -7.76
   -8.80   -9.33   -9.14   -8.33   -7.18   -5.94   -4.89   -4.34   -4.46   -5.12   -6.06   -7.09   -8.06   -8.70   -8.73   -8.13   -7.12   -5.98   -4.92   -4.25   -4.19   -4.71   -5.63   -6.73
   -7.81   -8.67   -9.04   -8.77   -7.99   -6.94   -5.85   -4.97   -4.57   -4.75   -5.37   -6.24   -7.17   -8.00   -8.49   -8.44   -7.85   -6.93   -5.91   -5.01   -4.47   -4.46   -4.96   -5.82
   -6.84   -7.81   -8.53   -8.80   -8.51   -7.77   -6.79   -5.81   -5.06   -4.74   -4.92   -5.51   -6.33   -7.20   -7.93   -8.34   -8.26   -7.72   -6.87   -5.93   -5.11   -4.64   -4.63   -5.11
   -5.93   -6.90   -7.79   -8.43   -8.65   -8.36   -7.64   -6.71   -5.78   -5.08   -4.79   -4.97   -5.56   -6.37   -7.21   -7.90   -8.29   -8.22   -7.70   -6.88   -5.96   -5.17   -4.71   -4.71
   -5.18   -6.01   -6.95   -7.81   -8.43   -8.63   -8.31   -7.57   -6.62   -5.70   -5.01   -4.73   -4.94   -5.56   -6.41   -7.27   -7.98   -8.38   -8.31   -7.76   -6.90   -5.95   -5.15   -4.68
   -4.70   -5.22   -6.09   -7.06   -7.92   -8.53   -8.70   -8.30   -7.48   -6.47   -5.51   -4.81   -4.58   -4.87   -5.59   -6.52   -7.44   -8.20   -8.59   -8.45   -7.80   -6.86   -5.85   -5.01
   -4.56   -4.66   -5.28   -6.23   -7.24   -8.13   -8.73   -8.79   -8.26   -7.31   -6.21   -5.20   -4.53   -4.41   -4.85   -5.71   -6.74   -7.74   -8.53   -8.86   -8.57   -7.78   -6.72   -5.63
   -4.77   -4.40   -4.65   -5.41   -6.44   -7.51   -8.43   -8.95   -8.84   -8.11   -7.02   -5.82   -4.79   -4.22   -4.29   -4.93   -5.94   -7.09   -8.17   -8.93   -9.10   -8.61   -7.64   -6.45
   -5.30   -4.49   -4.28   -4.72   -5.63   -6.74   -7.86   -8.76   -9.12   -8.77   -7.84   -6.61   -5.35   -4.36   -3.97   -4.28   -5.14   -6.30   -7.55   -8.65   -9.30   -9.24   -8.51   -7.37
   -6.08   -4.92   -4.24   -4.26   -4.91   -5.93   -7.11   -8.25   -9.04   -9.18   -8.56   -7.44   -6.11   -4.83   -3.97   -3.84   -4.42   -5.48   -6.75   -8.05   -9.10   -9.54   -9.22   -8.27
   -7.00   -5.65   -4.56   -4.08   -4.36   -5.19   -6.31   -7.52   -8.61   -9.23   -9.09   -8.23   -6.96   -5.57   -4.35   -3.70   -3.86   -4.70   -5.89   -7.23   -8.52   -9.43   -9.63   -9.04
   -7.92   -6.56   -5.23   -4.28   -4.06   -4.58   -5.56   -6.72   -7.91   -8.89   -9.28   -8.87   -7.81   -6.46   -5.07   -3.98   -3.59   -4.03   -5.06   -6.33   -7.67   -8.88   -9.61   -9.55
   -8.75   -7.51   -6.13   -4.88   -4.13   -4.17   -4.89   -5.94   -7.09   -8.22   -9.05   -9.20   -8.56   -7.37   -5.99   -4.67   -3.77   -3.64   -4.30   -5.43   -6.72   -8.01   -9.11   -9.64
   -9.36   -8.40   -7.11   -5.77   -4.65   -4.11   -4.37   -5.21   -6.27   -7.38   -8.42   -9.09   -9.03   -8.22   -6.97   -5.62   -4.41   -3.70   -3.79   -4.60   -5.76   -7.01   -8.24   -9.21
   -9.56   -9.11   -8.06   -6.78   -5.51   -4.52   -4.17   -4.59   -5.48   -6.51   -7.57   -8.52   -9.04   -8.82   -7.91   -6.67   -5.38   -4.30   -3.76   -3.99   -4.86   -6.00   -7.20   -8.35
   -9.22   -9.43   -8.88   -7.81   -6.57   -5.37   -4.49   -4.27   -4.75   -5.64   -6.63   -7.64   -8.53   -8.96   -8.65   -7.72   -6.51   -5.30   -4.31   -3.86   -4.16   -5.02   -6.11   -7.27
   -8.39   -9.18   -9.31   -8.72   -7.67   -6.46   -5.30   -4.49   -4.32   -4.81   -5.67   -6.64   -7.65   -8.52   -8.90   -8.57   -7.67   -6.51   -5.34   -4.38   -3.96   -4.25   -5.06   -6.12
   -7.27   -8.37   -9.14   -9.26   -8.67   -7.63   -6.43   -5.28   -4.46   -4.29   -4.76   -5.59   -6.58   -7.62   -8.52   -8.92   -8.63   -7.77   -6.64   -5.46   -4.47   -4.01   -4.24   -5.00
   -6.06   -7.22   -8.35   -9.14   -9.28   -8.71   -7.67   -6.44   -5.24   -4.38   -4.16   -4.59   -5.44   -6.49   -7.60   -8.57   -9.05   -8.82   -7.99   -6.83   -5.59   -4.53   -3.98   -4.14
   -4.89   -5.96   -7.16   -8.34   -9.19   -9.38   -8.81   -7.74   -6.44   -5.15   -4.21   -3.94   -4.37   -5.27   -6.41   -7.63   -8.71   -9.28   -9.10   -8.25   -7.03   -5.70   -4.53   -3.89
   -4.01   -4.76   -5.87   -7.13   -8.38   -9.31   -9.52   -8.92   -7.77   -6.38   -5.00   -3.98   -3.69   -4.16   -5.14   -6.38   -7.72   -8.93   -9.57   -9.38   -8.48   -7.18   -5.75   -4.47
   -3.77   -3.88   -4.67   -5.83   -7.16   -8.49   -9.46   -9.64   -8.97   -7.74   -6.25   -4.78   -3.71   -3.45   -4.01   -5.09   -6.44   -7.90   -9.20   -9.86   -9.60   -8.62   -7.24   -5.70
   -4.35   -3.64   -3.81   -4.67   -5.87   -7.26   -8.65   -9.61   -9.71   -8.93   -7.61   -6.04   -4.51   -3.46   -3.30   -3.97   -5.15   -6.60   -8.15   -9.48  -10.06   -9.70   -8.62   -7.16
   -5.56   -4.20   -3.56   -3.83   -4.76   -6.01   -7.44   -8.83   -9.72   -9.67   -8.77   -7.38   -5.76   -4.23   -3.28   -3.27   -4.08   -5.35   -6.86   -8.44   -9.70  -10.15   -9.64   -8.48
   -6.96   -5.34   -4.05   -3.56   -3.96   -4.95   -6.23   -7.67   -9.00   -9.73   -9.51   -8.50   -7.05   -5.43   -3.98   -3.21   -3.39   -4.33   -5.66   -7.19   -8.72   -9.83  -10.08   -9.43
   -8.19   -6.65   -5.09   -3.95   -3.65   -4.20   -5.24   -6.53   -7.92   -9.12   -9.63   -9.23   -8.12   -6.66   -5.10   -3.81   -3.28   -3.65   -4.69   -6.05   -7.53   -8.94   -9.84   -9.88
   -9.08   -7.79   -6.28   -4.85   -3.93   -3.85   -4.52   -5.60   -6.85   -8.15   -9.15   -9.43   -8.86   -7.68   -6.24   -4.80   -3.74   -3.46   -4.02   -5.12   -6.46   -7.85   -9.08   -9.74
   -9.55   -8.64   -7.34   -5.91   -4.66   -4.00   -4.13   -4.90   -5.98   -7.17   -8.32   -9.10   -9.15   -8.42   -7.23   -5.86   -4.59   -3.79   -3.75   -4.43   -5.55   -6.84   -8.11   -9.13
   -9.53   -9.16   -8.17   -6.90   -5.60   -4.57   -4.15   -4.46   -5.28   -6.34   -7.45   -8.43   -8.97   -8.81   -7.98   -6.81   -5.55   -4.48   -3.93   -4.08   -4.84   -5.95   -7.16   -8.29
   -9.08   -9.26   -8.74   -7.73   -6.52   -5.37   -4.56   -4.36   -4.79   -5.63   -6.64   -7.65   -8.46   -8.79   -8.46   -7.60   -6.48   -5.35   -4.48   -4.13   -4.41   -5.21   -6.28   -7.40
   -8.38   -8.97   -8.97   -8.35   -7.35   -6.23   -5.23   -4.61   -4.57   -5.06   -5.89   -6.86   -7.77   -8.42   -8.58   -8.16   -7.30   -6.26   -5.27   -4.56   -4.36   -4.71   -5.51   -6.54
   -7.57   -8.41   -8.84   -8.70   -8.04   -7.07   -6.02   -5.14   -4.67   -4.73   -5.25   -6.08   -7.01   -7.84   -8.36   -8.42   -7.96   -7.13   -6.16   -5.26   -4.67   -4.56   -4.95   -5.74
   -6.73   -7.69   -8.41   -8.72   -8.50   -7.81   -6.86   -5.86   -5.07   -4.69   -4.81   -5.36   -6.20   -7.11   -7.88   -8.34   -8.34   -7.87   -7.06   -6.12   -5.28   -4.76   -4.70   -5.12
   -5.91   -6.87   -7.77   -8.41   -8.65   -8.37   -7.65   -6.69   -5.71   -4.97   -4.65   -4.83   -5.42   -6.29   -7.21   -7.97   -8.40   -8.37   -7.88   -7.05   -6.11   -5.29   -4.79   -4.77
   -5.22   -6.03   -6.98   -7.86   -8.46   -8.64   -8.30   -7.52   -6.52   -5.53   -4.81   -4.55   -4.79   -5.47   -6.39   -7.35   -8.13   -8.56   -8.49   -7.93   -7.05   -6.07   -5.22   -4.75
   -4.77   -5.28   -6.13   -7.10   -7.98   -8.57   -8.69   -8.25   -7.38   -6.31   -5.29   -4.59   -4.40   -4.76   -5.54   -6.55   -7.58   -8.40   -8.80   -8.64   -7.98   -7.00   -5.95   -5.08
   -4.63   -4.73   -5.33   -6.25   -7.26   -8.17   -8.73   -8.75   -8.18   -7.19   -6.04   -4.99   -4.33   -4.25   -4.75   -5.66   -6.78   -7.89   -8.73   -9.07   -8.77   -7.96   -6.88   -5.75
   -4.86   -4.47   -4.70   -5.42   -6.41   -7.48   -8.41   -8.92   -8.79   -8.05   -6.94   -5.71   -4.64   -4.05   -4.13   -4.81   -5.87   -7.09   -8.26   -9.08   -9.29   -8.83   -7.87   -6.67
   -5.47   -4.60   -4.33   -4.72   -5.57   -6.64   -7.76   -8.67   -9.08   -8.77   -7.86   -6.63   -5.33   -4.27   -3.80   -4.08   -4.95   -6.14   -7.45   -8.64   -9.39   -9.44   -8.79   -7.68
   -6.38   -5.15   -4.35   -4.25   -4.82   -5.78   -6.92   -8.06   -8.93   -9.18   -8.68   -7.60   -6.26   -4.92   -3.92   -3.63   -4.13   -5.17   -6.46   -7.81   -8.98   -9.62   -9.48   -8.65
   -7.41   -6.05   -4.83   -4.15   -4.25   -4.98   -6.04   -7.22   -8.35   -9.14   -9.21   -8.51   -7.29   -5.88   -4.54   -3.65   -3.57   -4.27   -5.44   -6.79   -8.14   -9.26   -9.75   -9.42
   -8.43   -7.10   -5.70   -4.55   -4.03   -4.33   -5.20   -6.32   -7.50   -8.60   -9.27   -9.16   -8.28   -6.96   -5.52   -4.23   -3.49   -3.61   -4.48   -5.73   -7.09   -8.42   -9.45   -9.79
   -9.28   -8.16   -6.77   -5.39   -4.33   -3.99   -4.46   -5.42   -6.56   -7.74   -8.79   -9.33   -9.05   -8.03   -6.66   -5.22   -4.02   -3.44   -3.74   -4.72   -5.99   -7.34   -8.64   -9.57
   -9.75   -9.09   -7.88   -6.48   -5.13   -4.18   -4.00   -4.59   -5.60   -6.74   -7.91   -8.92   -9.34   -8.91   -7.81   -6.43   -5.03   -3.92   -3.49   -3.91   -4.93   -6.20   -7.53   -8.78
   -9.62   -9.66   -8.89   -7.64   -6.24   -4.94   -4.09   -4.03   -4.69   -5.71   -6.85   -8.03   -8.98   -9.30   -8.79   -7.66   -6.30   -4.96   -3.93   -3.59   -4.07   -5.10   -6.34   -7.65
   -8.86   -9.60   -9.54   -8.71   -7.46   -6.07   -4.81   -4.03   -4.04   -4.73   -5.75   -6.90   -8.08   -9.01   -9.27   -8.73   -7.62   -6.30   -4.99   -4.00   -3.71   -4.20   -5.19   -6.41
   -7.70   -8.87   -9.55   -9.44   -8.59   -7.34   -5.97   -4.72   -3.98   -4.02   -4.71   -5.73   -6.90   -8.10   -9.03   -9.28   -8.76   -7.69   -6.39   -5.09   -4.12   -3.82   -4.27   -5.23
   -6.41   -7.68   -8.83   -9.49   -9.36   -8.52   -7.28   -5.90   -4.65   -3.92   -3.96   -4.63   -5.66   -6.87   -8.11   -9.06   -9.35   -8.87   -7.83   -6.55   -5.23   -4.23   -3.90   -4.30
   -5.21   -6.37   -7.63   -8.78   -9.44   -9.32   -8.49   -7.24   -5.85   -4.58   -3.83   -3.86   -4.53   -5.58   -6.83   -8.13   -9.14   -9.48   -9.03   -8.01   -6.71   -5.36   -4.32   -3.94
   -4.29   -5.17   -6.31   -7.57   -8.75   -9.43   -9.30   -8.46   -7.21   -5.79   -4.49   -3.73   -3.74   -4.43   -5.52   -6.82   -8.19   -9.26   -9.63   -9.18   -8.16   -6.83   -5.44   -4.35
   -3.94   -4.28   -5.14   -6.27   -7.56   -8.75   -9.43   -9.29   -8.42   -7.14   -5.69   -4.37   -3.61   -3.65   -4.38   -5.51   -6.88   -8.31   -9.41   -9.76   -9.28   -8.23   -6.87   -5.44
   -4.33   -3.92   -4.28   -5.15   -6.30   -7.61   -8.81   -9.45   -9.25   -8.34   -7.02   -5.54   -4.22   -3.50   -3.61   -4.41   -5.61   -7.03   -8.48   -9.55   -9.83   -9.29   -8.19   -6.79
   -5.34   -4.25   -3.91   -4.33   -5.24   -6.41   -7.73   -8.90   -9.46   -9.16   -8.18   -6.83   -5.33   -4.05   -3.43   -3.66   -4.55   -5.81   -7.26   -8.69   -9.66   -9.82   -9.18   -8.02
   -6.58   -5.15   -4.15   -3.93   -4.45   -5.42   -6.62   -7.93   -9.02   -9.43   -8.99   -7.93   -6.54   -5.06   -3.88   -3.43   -3.82   -4.81   -6.12   -7.56   -8.90   -9.73   -9.71   -8.94
   -7.71   -6.26   -4.90   -4.06   -4.02   -4.67   -5.70   -6.91   -8.16   -9.12   -9.33   -8.73   -7.59   -6.17   -4.76   -3.75   -3.51   -4.08   -5.18   -6.50   -7.89   -9.10   -9.72   -9.49
   -8.58   -7.29   -5.87   -4.65   -4.03   -4.20   -4.98   -6.06   -7.25   -8.41   -9.17   -9.15   -8.38   -7.16   -5.76   -4.47   -3.68   -3.70   -4.44   -5.60   -6.92   -8.23   -9.25   -9.62
   -9.16   -8.12   -6.81   -5.47   -4.44   -4.08   -4.47   -5.36   -6.46   -7.61   -8.63   -9.14   -8.88   -7.95   -6.68   -5.35   -4.24   -3.72   -3.98   -4.86   -6.06   -7.35   -8.53   -9.33
   -9.42   -8.75   -7.62   -6.32   -5.11   -4.32   -4.22   -4.79   -5.76   -6.86   -7.94   -8.77   -9.02   -8.53   -7.48   -6.22   -5.00   -4.11   -3.86   -4.33   -5.31   -6.52   -7.74   -8.77
   -9.31   -9.13   -8.29   -7.11   -5.87   -4.82   -4.29   -4.43   -5.14   -6.14   -7.23   -8.21   -8.83   -8.82   -8.14   -7.04   -5.83   -4.75   -4.10   -4.09   -4.72   -5.75   -6.95   -8.07
